-4.56934309 -6.91383076 -0.84309858 0.000000
-4.61271954 -6.97565079 -0.26174247 1.000000
-4.53904533 -6.93223381 -0.71927917 1.000000
-4.62274551 -6.97608185 -0.58794606 255.000000
-4.65410805 -6.96050644 -0.54526281 255.000000
-4.58634949 -6.92741871 -0.92312121 37.000000
-4.55042648 -6.97182560 -0.65094364 151.000000
-4.56901407 -6.96244526 -0.88558865 40.000000
-4.57423449 -6.95382118 -0.75398326 45.000000
-4.57004738 -6.94092846 -0.62204975 57.000000
-4.56569576 -6.95242786 -0.48467451 255.000000
-4.55193806 -6.96026039 -0.82317525 25.500000
-4.54881859 -6.94182682 -0.63325477 39.000000
-4.55907917 -6.93682957 -0.50842851 75.000000
-4.60405064 -6.92691517 -0.85814679 14.000000
-4.59829903 -6.90777969 -0.73091811 27.000000
-4.60791254 -6.90701103 -0.54045796 29.500000
-4.56282854 -6.93261194 -0.95159620 35.000000
-4.56059599 -6.97285271 -0.81667060 17.000000
-4.56185770 -6.95106125 -0.62914431 140.500000
-4.56031656 -6.95666122 -0.43718737 213.000000
-4.60554886 -6.90647793 -0.85292727 30.000000
-4.61623526 -6.90475464 -0.66369158 55.500000
-4.60789061 -6.89342499 -0.40864891 255.000000
-4.62664843 -6.97831631 -0.89803231 9.000000
-4.61568117 -6.94559097 -0.76915467 23.000000
-4.62183237 -6.93951893 -0.57787794 28.000000
-4.62750721 -6.93306255 -0.38815886 42.000000
-4.57054329 -6.97916508 -0.89230394 21.000000
-4.57467842 -6.95059824 -0.70234305 42.000000
-4.56567955 -6.95594311 -0.50437969 202.000000
-4.57910824 -6.96394539 -0.90042096 21.000000
-4.58680248 -6.95278502 -0.77449054 38.000000
-4.58404636 -6.95137119 -0.57900429 29.500000
-4.56621647 -6.97443819 -0.86422133 28.000000
-4.58907318 -6.95233059 -0.74372566 51.000000
-4.57266378 -6.97683239 -0.54350805 38.000000
-4.57636356 -6.99887037 -0.63838118 44.000000
-4.53859615 -6.95588160 -0.48077643 255.000000
-4.65573454 -6.93187571 -0.99063009 11.000000
-4.57586718 -6.97406816 -0.71447194 23.000000
-4.55525970 -6.96284866 -0.57508552 255.000000
-4.53500080 -6.95301962 -0.60536551 46.500000
-4.61656046 -6.94393682 -1.01164687 12.000000
-4.66966200 -6.95886612 -0.96012676 10.000000
-4.63333035 -6.97767448 -0.97859567 10.000000
-4.65410376 -6.97085857 -0.97280538 11.000000
-4.52061939 -6.93723059 -0.38079640 255.000000
-4.55657482 -6.93977499 -0.84648496 16.000000
-4.68280077 -6.96649075 -0.95569313 11.000000
-4.55526018 -6.92410421 -0.52391326 225.000000
-4.64843559 -6.97165251 -0.92492878 11.000000
-4.63157082 -6.93982983 -0.92598891 10.000000
-4.56671238 -6.96134090 -0.92335367 12.000000
-4.54162931 -6.95780039 -0.76231629 22.000000
-4.54315519 -6.94096184 -0.62998110 35.000000
-4.53715038 -6.94846630 -0.42779726 39.500000
-4.62710285 -6.96469593 -0.66833681 38.000000
-4.61358690 -6.99448013 -0.79590023 9.000000
-4.61822176 -6.99263287 -0.53522146 34.000000
-4.61306334 -6.97595119 -0.40427464 172.000000
-4.54166651 -6.93752623 -0.70320642 36.500000
-4.52859545 -6.94377804 -0.50609958 255.000000
-4.53155994 -6.93760300 -0.37790126 255.000000
-4.57763767 -6.96850538 -0.79201519 33.000000
-4.59227324 -6.96296215 -0.60605389 46.000000
-4.58633327 -6.96433067 -0.41633627 43.000000
-4.57355785 -6.98062372 -0.28840977 23.000000
-4.55470276 -6.93559504 -0.81212938 5.000000
-4.55533171 -6.93264818 -0.68975985 10.000000
-4.56524324 -6.91250896 -0.50795126 134.000000
-4.55704594 -6.91849661 -0.32647043 255.000000
-4.55767298 -6.91880560 -0.20646603 255.000000
-4.57923555 -6.99285936 -0.76158589 15.000000
-4.57764482 -6.98361111 -0.57828951 140.500000
-4.57727718 -6.97787094 -0.33675331 255.000000
-4.54976416 -6.96732664 -0.47397754 28.000000
-4.54674149 -6.96696091 -0.11439157 45.000000
-4.58445263 -6.96791601 -0.72838366 3.000000
-4.62252426 -7.01149368 -0.40709490 255.000000
-4.64022064 -6.97697830 -0.43085647 255.000000
-4.59947205 -6.98950577 -0.44436884 49.000000
-4.59147358 -6.98422241 -0.75444567 255.000000
-4.54437828 -6.93843079 -0.74905330 60.000000
-4.55652237 -6.94121742 -0.87886930 13.000000
-4.52451324 -6.93574476 -0.71170199 45.000000
-4.56855488 -6.91632557 -0.81045175 32.000000
-4.56505108 -6.91125393 -0.78556532 21.000000
-4.58349133 -6.96625996 -0.62003756 29.000000
-4.58494711 -6.95832920 -0.46187481 57.000000
-4.57381058 -6.94270802 -0.30345979 176.000000
-4.55673313 -6.94347095 -0.77492410 44.000000
-4.55613756 -6.94350147 -0.54082179 46.500000
-4.54682159 -6.93962479 -0.30698174 255.000000
-4.55796528 -6.94077730 -0.92419523 34.000000
-4.54574680 -6.93693113 -0.86635602 54.000000
-4.53583574 -6.94931078 -0.63931000 144.500000
-4.55073118 -6.94923115 -0.41447997 153.000000
-4.54087591 -6.93210745 -0.26357955 50.000000
-4.52518892 -6.94190788 -0.22759147 29.000000
-4.54039860 -6.95980310 -0.78782141 36.000000
-4.53948736 -6.95033550 -0.48861051 38.000000
-4.54119205 -6.95838070 -0.82496834 36.000000
-4.54640913 -6.96125650 -0.22775799 26.000000
-4.54920292 -6.92901897 -0.88591808 0.000000
-4.54912996 -6.91965914 -0.58565474 2.000000
-4.57224035 -6.91894102 -0.43700525 0.000000
-4.56983614 -6.92131376 -0.87886190 3.000000
-4.58205128 -6.94007111 -0.42337906 0.000000
-4.56808424 -6.91005468 -0.86901498 0.000000
-4.61628628 -6.88330889 -0.87752521 10.000000
-4.62527466 -6.98311424 -0.80995125 16.444445
-4.60063410 -7.01680088 -0.79885238 6.250000
-4.63613081 -6.89856100 -0.84350401 0.333333
-4.59140110 -6.95147324 -0.26115918 2.000000
-4.60317039 -7.00744438 -0.20949620 82.500000
-4.57597733 -6.97315311 -0.42145714 62.083332
-4.63707733 -6.95989370 -0.33215022 17.000000
-4.66487122 -6.93631458 -0.50121260 34.000000
-4.65747452 -6.94434071 -0.48140574 5.000000
-4.59712982 -6.99237633 -0.36370385 255.000000
-4.62152863 -6.91155243 -0.61787975 255.000000
-4.57404709 -6.99031448 -0.98591566 11.000000
-4.66482544 -6.98041916 -0.44667685 211.000000
-4.61829376 -6.92112732 -0.67867649 19.000000
-4.64454651 -6.95856857 -0.98185754 7.000000
-4.63774872 -6.98509216 -0.72192913 17.000000
-4.66141891 -6.93784332 -0.76708549 10.000000
-4.65657425 -6.97210312 -0.28069538 255.000000
-4.65879822 -6.97908401 -1.01112688 23.000000
-4.56191635 -6.96836090 -1.09871125 2.000000
-4.58647919 -6.99172211 -0.97366726 4.000000
-4.59852982 -6.99732208 -0.52803606 187.000000
-4.62939072 -6.95559311 -1.05374348 7.000000
-4.61169815 -6.99784851 -0.85419077 30.000000
-4.63923454 -6.95188141 -0.43442672 255.000000
-4.61907578 -6.98560333 -0.84975505 34.000000
-4.54180717 -6.92262650 -0.98505288 54.500000
-4.61564255 -6.96143723 -0.71873558 255.000000
-4.59239769 -6.95911026 -0.93393040 34.000000
-4.62411690 -6.96105576 -0.33137500 4.000000
-4.61660576 -7.01631927 -0.77597630 9.000000
-4.64208984 -6.95851517 -0.85573220 31.000000
-4.67740440 -6.96168900 -0.99392509 25.000000
-4.64409637 -6.98759460 -0.80464697 27.000000
-4.68226814 -6.98075867 -0.97311807 20.000000
-4.60551262 -6.98977661 -0.54178786 255.000000
-4.65026665 -6.99042511 -0.79123998 34.000000
-4.63419724 -6.98594284 -0.39315212 255.000000
-4.63461304 -7.00099945 -0.25672680 4.000000
-4.67780304 -6.98282623 -0.62818706 255.000000
-4.63054466 -6.99105835 -0.69122005 255.000000
-4.62502861 -6.99645996 -0.62151814 255.000000
-4.61703491 -7.01056290 -0.38240719 255.000000
-4.63636589 -7.00690460 -0.31644195 255.000000
-4.67121696 -6.97731018 -0.32148278 45.000000
-4.64369202 -6.99793243 -0.60476100 255.000000
-4.64125633 -6.99528885 -0.55071485 255.000000
-4.67494392 -6.96934891 -0.75934029 12.000000
-4.60475349 -7.01648712 -0.65727293 148.500000
-4.59741020 -7.00091171 -0.31213021 255.000000
-4.60592461 -7.00379181 -0.42251337 255.000000
-4.63883400 -6.99679947 -0.28977126 255.000000
-4.65106583 -6.96454620 -1.00002480 19.000000
-4.65519524 -6.98791504 -0.90779054 56.000000
-4.62154388 -7.01337814 -0.62292230 255.000000
-4.60735893 -7.01879120 -0.40972054 255.000000
-4.60545731 -6.99118042 -0.33306265 164.000000
-4.62714958 -6.97161484 -0.72174883 29.000000
-4.60144043 -6.96728134 -0.78417945 14.000000
-4.61316109 -6.97665787 -0.37875140 255.000000
-4.65285110 -6.96730804 -0.91523004 26.000000
-4.62122726 -7.00769806 -1.03153980 19.000000
-4.67383194 -6.97123718 -0.90013087 23.000000
-4.65233040 -6.97345352 -0.63326347 255.000000
-4.61220551 -6.97478485 -0.97646153 20.000000
-4.60952759 -6.98535538 -0.80379021 29.000000
-4.67830276 -6.99014282 -0.97908866 15.000000
-4.65404510 -6.96449280 -0.37999225 255.000000
-4.64175034 -6.98787689 -0.48020637 255.000000
-4.61668015 -7.01247787 -0.52320516 255.000000
-4.63106346 -7.00302124 -0.79730129 30.000000
-4.66218758 -6.96553802 -0.79571724 32.000000
-4.62564850 -6.99134827 -0.75837660 63.000000
-4.68800163 -6.98235703 -0.90351832 69.000000
-4.66856956 -6.98360825 -0.26852012 128.000000
-4.61229134 -6.97486115 -0.24985600 255.000000
-4.58960819 -7.00026703 -0.46439123 29.000000
-4.64053822 -7.00139236 -0.62197274 25.000000
-4.59382629 -6.99275970 -0.14562690 255.000000
-4.61215591 -6.97948837 -0.65458602 18.000000
-4.57797241 -6.98199844 -0.62666553 24.000000
-4.57708025 -6.97068787 -0.68818945 255.000000
-4.60715961 -6.94805145 -0.35581827 29.000000
-4.59237766 -6.92082977 -0.46723419 30.000000
-4.59508705 -6.98992538 -0.72125810 255.000000
-4.64271212 -6.93907547 -0.61516559 8.000000
-4.57757425 -6.93871689 -0.42563891 255.000000
-4.59320211 -6.99209976 -0.04487815 4.000000
-4.55652428 -6.96868134 -0.56446481 35.000000
-4.57930183 -6.96097565 -0.30338880 255.000000
-4.65985870 -6.98748398 -0.80037868 5.000000
-4.56575298 -6.96170425 -0.14831194 255.000000
-4.54097748 -6.92880630 -0.67262733 37.000000
-4.61488724 -6.97982407 -0.30422220 10.000000
-4.58652496 -6.94068527 -0.35356379 255.000000
-4.56532574 -6.98598099 -0.41924056 255.000000
-4.63790226 -6.97466660 -0.84679592 5.000000
-4.55397844 -6.95203400 -0.78484070 44.000000
-4.57992125 -6.93600082 -0.59332311 106.500000
-4.52862740 -6.93518448 -1.00308061 13.500000
-4.55217552 -6.93575478 -0.93525457 30.000000
-4.56481838 -6.96630287 -0.70636970 38.000000
-4.57335520 -6.96089172 -0.71926683 29.000000
-4.54752970 -6.96765327 -0.62256438 255.000000
-4.55083942 -6.94603920 -0.48476031 255.000000
-4.55529404 -6.96212959 -0.69146675 38.000000
-4.61680031 -6.96691704 -0.64167500 3.000000
-4.67852592 -6.98419571 -1.01114213 3.000000
-4.55006886 -6.91951370 -0.71398336 31.000000
-4.63841248 -6.91825104 -0.95583856 15.000000
-4.57769012 -6.89657211 -0.42215002 255.000000
-4.54007816 -6.94551659 -0.23406082 12.500000
-4.53053093 -6.93811226 -0.21075381 76.000000
-4.54213047 -6.93110657 -0.54906130 255.000000
-4.54265594 -6.96054649 -0.44414130 178.000000
-4.54827118 -6.95340729 -0.42150599 255.000000
-4.59451675 -6.93780327 -0.71766722 40.000000
-4.58677959 -6.92935181 -0.63063884 46.000000
-4.58349705 -6.93131638 -0.63059318 255.000000
-4.58900642 -6.94935799 -0.46167681 127.500000
-4.56004238 -6.95252800 -0.65925735 41.000000
-4.60676765 -6.97313499 -0.56945705 15.000000
-4.57507133 -6.97068977 -0.88224059 22.000000
-4.58378220 -6.96974945 -0.40635258 26.000000
-4.58053684 -6.98270988 -0.49236232 14.000000
-4.55279255 -6.95967484 -0.77775061 36.000000
-4.59246540 -6.94561195 -0.73834640 24.000000
-4.53554440 -6.94540691 -0.28393352 28.000000
-4.53991795 -6.95674324 -0.33038676 49.000000
-4.53318691 -6.94196558 -0.76708955 13.000000
-4.53598404 -6.92592859 -0.59270966 56.000000
-4.60246325 -6.91198540 -0.66249573 106.166656
-4.60513830 -6.90851593 -0.35592306 184.500000
-4.56059027 -6.94011164 -0.61916709 107.555557
-4.59713984 -6.97743750 -0.81575263 27.000000
-4.58521700 -6.93381119 -0.22295654 49.000000
-4.59765720 -6.99129772 -0.72951740 10.000000
-4.53430462 -6.95187283 -0.34246081 43.333332
-4.59760666 -6.98929548 -0.85653704 28.250000
-4.55821323 -6.96772194 -0.58794636 67.250000
-4.56643391 -6.94966030 -0.81991357 25.666666
-4.57915783 -6.94719887 -0.37814325 133.833328
-4.64899635 -6.95582914 -0.86585164 29.250000
-4.58613300 -6.96317863 -0.51607323 94.777771
-4.56945658 -6.95143700 -0.87224680 30.000000
-4.57750845 -6.94053841 -0.47731030 171.944458
-4.57714272 -6.95194340 -0.47133663 142.138885
-4.55508232 -6.96476746 -0.58535981 150.833328
-4.57917976 -6.94547939 -0.55529243 106.083328
-4.58114719 -6.91475964 -0.51271045 194.416672
-4.57787704 -6.92044163 -0.95386618 19.625000
-4.59533834 -6.92533827 -0.58163786 185.500000
-4.59263277 -6.91916895 -0.32235211 227.750000
-4.54483509 -6.95355701 -0.63271970 59.977772
-4.60125828 -6.92816019 -0.32710874 35.750000
-4.58788681 -6.95007849 -0.35647106 163.250000
-4.58040380 -6.96969128 -0.42021337 243.833344
-4.56174421 -6.97244930 -0.60798585 136.222214
-4.55881214 -6.95262909 -0.35199472 255.000000
-4.60872507 -6.95619583 -0.89672029 30.333332
-4.58464146 -6.96846628 -0.62614995 96.000000
-4.55539274 -6.94472075 -0.87685788 27.277779
-4.58581257 -6.97090816 -0.55300164 198.750000
-4.56388521 -6.96442604 -0.42322981 218.888901
-4.58833170 -6.98242378 -0.37361974 173.250000
-4.55046606 -6.92456198 -0.45223099 45.000000
-4.53820801 -6.92862701 -0.56702131 250.500000
-4.60182095 -6.96121407 -0.79833651 36.074074
-4.57362461 -6.95027447 -0.51639158 41.000000
-4.56726885 -6.96087122 -0.46309441 240.777771
-4.55070639 -6.96683073 -0.90917420 26.666668
-4.56352425 -6.95676088 -0.57474923 185.833328
-4.56786728 -6.94842148 -0.30539545 255.000000
-4.55285835 -6.92201328 -0.96010429 19.142857
-4.55849075 -6.94100523 -0.68948025 28.833334
-4.55486393 -6.96551418 -0.54185516 97.111115
-4.55068827 -6.97365808 -0.26624566 32.333332
-4.56708193 -6.95356703 -0.55405688 115.666656
-4.54973555 -6.96792459 -0.27382064 37.500000
-4.53826237 -6.95556545 -0.31856740 255.000000
-4.55695438 -6.96190262 -0.52051228 87.000000
-4.55942678 -6.95874786 -0.49370575 161.222229
-4.57686043 -6.96864796 -0.24751464 0.000000
-4.63358307 -6.96145439 -0.85567963 31.033333
-4.59105301 -6.95559454 -0.63460565 23.000000
-4.58557367 -6.94353867 -0.94370073 20.511904
-4.54419422 -6.93555880 -0.92134172 24.775000
-4.57757425 -6.97439766 -0.72319335 42.000000
-4.58878279 -6.94965601 -0.81345856 28.740740
-4.65608168 -6.95680618 -0.86484540 17.545456
-4.54527664 -6.94544697 -0.36641169 116.333344
-4.53529739 -6.95035982 -0.34069347 255.000000
-4.69205570 -6.97777033 -0.98052251 13.000000
-4.62995434 -6.91448069 -0.98336321 12.000000
-4.56775951 -6.96507311 -0.61529499 80.750000
-4.54906082 -6.96584415 -0.26566255 27.333334
-4.59158039 -6.95290995 -0.96729028 23.200001
-4.60359716 -6.98225832 -0.83117831 12.000000
-4.54951096 -6.97033739 -0.26608855 23.750000
-4.59551287 -6.97320938 -0.82204831 30.333334
-4.57777309 -6.96372890 -0.54488772 206.500000
-4.55782461 -6.96273708 -0.33455938 255.000000
-4.58203316 -6.95510721 -0.96342152 22.666666
-4.59452581 -6.97071838 -0.87615907 19.000000
-4.53839731 -6.95899010 -0.46203786 255.000000
-4.54796410 -6.95672941 -0.33083278 255.000000
-4.55738926 -6.96627283 -0.91859853 40.000000
-4.55040264 -6.97168636 -0.92158604 51.000000
-4.55907297 -6.96109724 -0.52323961 40.000000
-4.55112123 -6.97314072 -0.38660705 141.500000
-4.55956459 -6.96773863 -0.93099225 40.000000
-4.63622570 -6.94386864 -0.81760609 30.000000
-4.54815578 -6.96927643 -0.59467715 43.416664
-4.57524061 -6.96343994 -0.77323270 59.625000
-4.58602810 -7.01023579 -0.90841734 12.000000
-4.62143087 -6.94098282 -0.82348907 28.000000
-4.54471445 -6.96321774 -0.64173055 147.083344
-4.54584885 -6.96525812 -0.37358710 106.833344
-4.63823080 -6.91308975 -0.83546889 19.500000
-4.62270355 -7.01289701 -0.89540350 23.083334
-4.56440353 -6.97392607 -0.81175172 29.000000
-4.54281902 -6.96250296 -0.53822041 255.000000
-4.55687475 -6.95314837 -0.34078860 166.500000
-4.58026981 -6.90582085 -0.91618764 25.450001
-4.57029486 -6.97183418 -0.57440466 172.722229
-4.56795597 -6.96753216 -0.30420816 39.000000
-4.59148884 -6.95528412 -0.71262801 36.750000
-4.58365583 -6.92729282 -0.95722806 26.100000
-4.58649492 -6.99599314 -0.62038171 169.500000
-4.58592606 -6.98370218 -0.35213262 250.666672
-4.58361149 -6.98407364 -0.86570144 31.037500
-4.61305952 -6.98170948 -0.46975157 48.166664
-4.61582184 -7.00268602 -0.77560407 74.708328
-4.61110449 -7.00461149 -0.43799716 39.500000
-4.55279303 -6.95507240 -0.78219050 89.430557
-4.60004187 -6.92362642 -0.91636503 25.166668
-4.57524967 -6.97391367 -0.50098121 134.750000
-4.62502098 -6.93256760 -0.94830346 14.000000
-4.64860249 -6.97767735 -0.95711112 10.333333
-4.65891743 -6.92383432 -0.93606675 19.666666
-4.52312374 -6.94337797 -0.34629688 108.500000
-4.52468109 -6.94049025 -0.68551916 76.291672
-4.54776859 -6.95309496 -0.75962985 22.750000
-4.52222157 -6.93505287 -0.34697193 255.000000
-4.52531528 -6.94431686 -0.68450677 67.750000
-4.53130531 -6.94466639 -0.59650648 57.875000
-4.52922964 -6.93898964 -0.25899747 38.500000
-4.53176880 -6.95193386 -0.57998174 70.833328
-4.52680635 -6.94547701 -0.58179480 66.000000
-4.53871632 -6.95273161 -0.61825126 147.666656
-4.53212357 -6.94104147 -0.64327168 138.125000
-4.52949762 -6.93361998 -0.30435282 255.000000
-4.54080629 -6.94242287 -0.69629610 44.000000
-4.53435993 -6.93802404 -0.35520849 153.000000
-4.64761162 -6.93057156 -0.82913709 20.611111
-4.62646389 -6.91199446 -0.83407521 23.611111
-4.56886673 -6.91812277 -0.85424399 29.833334
-4.60773277 -6.92844439 -0.82962036 27.549999
-4.60968113 -6.91761494 -0.83928192 23.863636
-4.59144592 -6.89760828 -0.84754038 24.100000
-4.60926247 -6.90512276 -0.86386055 26.000000
-4.56303787 -6.93844414 -0.52404153 182.000000
-4.52071953 -6.93649054 -0.55055779 174.111130
-4.66043949 -6.99055147 -0.94728678 10.500000
-4.58371925 -6.89626551 -0.84168261 29.100000
-4.61392927 -7.01073647 -0.84246790 24.458334
-4.60456276 -6.89954901 -0.83510208 29.000000
-4.61444759 -7.01670122 -0.83468759 31.000000
-4.54033804 -6.93237543 -0.41982511 243.000000
-4.64453697 -6.96820259 -0.94577599 10.000000
-4.53730869 -6.93420410 -0.58567965 151.250000
-4.52020836 -6.94017696 -0.24733374 33.000000
-4.61415863 -6.98119450 -0.94993389 10.333333
-4.55538177 -6.94486427 -0.76697707 35.166668
-4.54018784 -6.94278336 -0.91702688 11.000000
-4.56814718 -6.92551422 -0.70387340 48.250000
-4.56124067 -6.97468948 -0.91503847 16.700001
-4.65162373 -6.95187855 -0.67386603 89.111115
-4.64368486 -6.94581032 -0.34679031 241.333344
-4.57352781 -6.91482592 -0.58197916 122.958328
-4.56282091 -6.91366339 -0.25718468 255.000000
-4.64630938 -6.95801878 -0.68094110 19.000000
-4.56362295 -6.92462587 -0.49238044 30.250000
-4.54717636 -6.91973162 -0.64185971 25.000000
-4.60890627 -6.91626310 -0.63848984 79.862503
-4.59227657 -6.90502167 -0.27253693 253.250000
-4.53906155 -6.95269394 -0.59812963 29.000000
-4.59731054 -6.92012501 -0.87666208 8.714286
-4.61320400 -6.97413492 -0.46505821 187.166672
-4.54613924 -6.95514297 -0.82159436 12.071428
-4.58842707 -6.94343996 -0.71691322 9.911111
-4.56718016 -6.97776937 -0.35792193 29.333334
-4.57662153 -6.97879505 -0.12020531 39.000000
-4.65427303 -6.97371197 -0.86419976 2.454545
-4.57850742 -6.96301699 -0.66472363 0.833333
-4.60968018 -6.95697784 -0.33414185 255.000000
-4.60828018 -6.90577888 -0.76869553 10.000000
-4.61388779 -7.01543808 -0.32408261 5.000000
-4.62199020 -6.98170471 -0.35894060 255.000000
-4.64412689 -6.98413467 -0.57029831 255.000000
-4.65746689 -6.96665573 -0.31185979 255.000000
-4.65338135 -6.96879196 -0.39699894 255.000000
-4.65514755 -6.95029449 -0.45363712 255.000000
-4.62269211 -7.00764847 -1.07684636 5.000000
-4.60298538 -6.97937012 -0.64471114 149.000000
-4.66671371 -6.96575546 -0.49293041 255.000000
-4.65186310 -6.99159241 -0.81251651 16.000000
-4.58063126 -6.99034119 -0.49242216 255.000000
-4.64599991 -6.98855209 -0.70960855 255.000000
-4.64043236 -6.93093109 -0.43251860 255.000000
-4.61667252 -6.93728638 -0.54451334 255.000000
-4.59599113 -6.95727158 -0.54072249 255.000000
-4.58267212 -6.89535141 -0.54490513 255.000000
-4.60957623 -6.97632980 -1.07850063 19.000000
-4.60415745 -6.98407745 -0.49446172 255.000000
-4.61948919 -7.01069641 -0.84677756 17.000000
-4.55381536 -6.96273804 -0.18853769 255.000000
-4.60637188 -6.91928482 -0.77301615 1.000000
-4.65582514 -6.96092987 -0.75449318 255.000000
-4.60741615 -6.93361664 -0.26588637 255.000000
-4.63923883 -6.96619034 -0.93550485 22.000000
-4.57125139 -6.95979691 -0.88929170 15.500000
-4.56878901 -6.96905899 -0.38342094 255.000000
-4.66169405 -6.93564987 -0.70598686 145.000000
-4.60061693 -6.97457886 -0.94570059 28.666666
-4.61370659 -6.93376160 -0.65304863 49.500000
-4.58828354 -7.01361084 -0.62748235 255.000000
-4.57528591 -6.98285294 -1.04438627 26.000000
-4.59895706 -6.97588348 -0.42222634 4.000000
-4.58633232 -6.91409302 -0.53244972 255.000000
-4.60912848 -6.99856377 -0.74927843 53.000000
-4.57135582 -6.99794579 -0.25672984 122.000000
-4.59283829 -7.00740433 -0.84721494 26.000000
-4.65208244 -6.99977684 -0.53884524 128.500000
-4.59625053 -6.97181320 -0.96056151 40.000000
-4.56440353 -6.94688797 -0.43838763 255.000000
-4.64140892 -6.99767113 -0.44863367 3.000000
-4.61168671 -6.98077393 -0.79461211 38.000000
-4.63857174 -6.97779274 -0.29529041 146.000000
-4.57899952 -6.99267769 -0.56732124 7.000000
-4.57958603 -6.93911791 -0.85958564 48.000000
-4.57706833 -6.94060707 -0.72603410 146.250000
-4.57801723 -6.91106510 -0.33708316 255.000000
-4.55715561 -6.94062376 -0.72135818 144.875000
-4.56553745 -6.90633678 -0.34804353 255.000000
-4.55331039 -6.95462036 -0.68811899 146.500000
-4.55002499 -6.93305111 -0.31884986 255.000000
-4.56709099 -6.90565395 -0.90778416 24.666666
-4.55228996 -6.92215776 -0.54898584 143.500000
-4.54385185 -6.93610764 -0.76113319 30.500000
-4.56934643 -6.92059708 -0.31812045 255.000000
-4.61735201 -6.87603664 -0.86286992 28.333334
-4.61813593 -6.87584543 -0.54774988 148.750000
-4.55280018 -6.93943167 -0.87233758 24.500000
-4.54498005 -6.94936609 -0.46458083 248.000000
-4.60585260 -6.91524982 -0.84656620 20.416668
-4.56792021 -6.90799713 -0.45324481 192.750000
-4.53844833 -6.92535591 -0.49430028 147.500000
-4.55785847 -6.93540764 -0.84969389 15.000000
-4.53427649 -6.94925785 -0.77379912 33.500000
-4.53795433 -6.94543743 -0.69464421 36.000000
-4.54032898 -6.92590952 -0.35712600 255.000000
-4.54496098 -6.92647791 -0.72431529 27.500000
-4.54666138 -6.93684387 -0.47399431 65.000000
-4.55580521 -6.91744852 -0.71841621 31.500000
-4.57194662 -6.92670059 -0.93542773 18.000000
-4.58385658 -6.98214149 -0.77896309 30.208334
-4.55525827 -6.96054077 -0.46282116 104.500000
-4.56824970 -6.98013735 -0.84922647 30.600000
-4.55784607 -6.94244194 -0.46763533 179.000000
-4.53234243 -6.94157314 -0.56348062 137.666672
-4.54840469 -6.93861961 -0.26384383 25.000000
-4.55390596 -6.92290545 -0.79016644 34.541668
-4.57042503 -6.93216801 -0.41819900 109.750000
-4.53563404 -6.93084383 -0.69352883 82.500000
-4.54646683 -6.92087078 -0.39538696 255.000000
-4.56843328 -6.92903948 -0.82843959 40.000000
-4.57935143 -6.92676592 -0.53085434 120.666656
-4.53805065 -6.94426870 -0.62193000 101.250000
-4.53499603 -6.94151068 -0.32220176 41.000000
-4.58085585 -6.95035887 -0.86534816 21.250000
-4.54661131 -6.92767572 -0.70448458 24.250000
-4.54953814 -6.94829988 -0.50194818 2.000000
-4.64628363 -6.95901585 -0.82671428 4.619048
-4.53028297 -6.93783569 -0.58263063 2.000000
-4.53873110 -6.92777395 -0.35642847 10.833333
-4.54125881 -6.93224669 -0.57561481 0.250000
-4.52845001 -6.94586277 -0.56947219 0.722222
-4.53286982 -6.93057442 -0.86404634 0.000000
-4.59541130 -6.95643234 -0.72003317 0.000000
