-10.83592892 5.62992239 4.52236080 0.000000
-10.63905907 5.45976448 4.79872608 0.000000
-10.88427925 5.57640982 4.60481739 0.000000
-10.71103477 5.38917303 4.63910913 0.000000
-10.89622688 5.54999876 4.82422018 1.000000
-10.75171089 5.38608503 4.85200405 1.000000
-10.71895885 5.39738512 5.09612799 0.000000
-10.75435638 5.39691687 5.31744480 1.000000
-10.64369869 5.51820946 5.12999010 1.000000
-10.69803524 5.48272228 4.77617645 0.000000
-10.76327610 5.45473814 4.65535879 1.000000
-10.69441795 5.42419910 4.74377298 0.000000
-10.87671947 5.60482693 4.51220846 0.000000
-10.73090172 5.38608265 4.81753778 0.000000
-10.66814518 5.48621464 4.59720755 0.000000
-10.67008209 5.39906693 5.05528975 0.000000
-10.79445457 5.43617201 5.29118824 1.000000
-10.74072266 5.42172956 5.89007950 1.000000
-10.87646294 5.32095003 4.97697115 0.000000
-10.98296356 5.50610161 5.18206739 0.000000
-10.89700222 5.43650818 5.07424021 0.000000
-10.74905396 5.49865723 6.18594456 2.000000
-10.88345718 5.41845322 5.11226416 2.000000
-10.89670181 5.43671417 4.93451452 2.000000
-10.93947029 5.34925079 5.19838190 57.000000
-10.78437424 5.50049210 5.39338923 2.000000
-10.90164948 5.49369431 5.18285894 4.000000
-10.84505558 5.55381393 5.03586292 2.000000
-10.82386398 5.48314285 5.01348686 3.000000
-10.81479931 5.56427383 4.64444065 1.000000
-10.76811314 5.59475708 4.82765579 2.000000
-10.67865562 5.51741028 4.93556118 2.000000
-10.88603115 5.51686859 5.07165718 3.000000
-10.73703003 5.60319901 4.62261391 2.000000
-10.73903084 5.50925064 5.50244236 4.000000
-10.79360771 5.55274582 4.84946775 1.000000
-10.99787521 5.67576981 5.70480967 3.000000
-10.65265465 5.63154221 4.71128273 2.000000
-10.70697117 5.60400772 5.24086952 3.000000
-10.83287907 5.55966949 6.06200171 23.000000
-10.98459625 5.42176437 5.42607450 3.000000
-10.86928177 5.56436157 5.39118814 1.000000
-10.84493446 5.53170395 6.17734194 39.000000
-10.67920017 5.57273483 5.32645512 1.000000
-10.65082455 5.58514786 6.12080526 20.000000
-10.63853073 5.61484528 4.88729239 1.000000
-10.99335670 5.70503235 5.76028109 2.000000
-10.95851803 5.41268158 6.24687099 38.000000
-10.79887295 5.60345840 5.31340551 1.000000
-11.01714802 5.50475311 6.16240358 7.000000
-10.65855217 5.66006851 5.19440269 2.000000
-10.72958374 5.62763214 6.02119207 12.000000
-10.69003010 5.54819107 4.90999985 2.000000
-10.66815758 5.56459808 4.78521490 1.000000
-10.85928631 5.46119690 6.31197643 4.000000
-10.79426861 5.54937744 4.88059711 3.000000
-10.81266594 5.47854805 5.18972921 3.000000
-10.95890999 5.44747353 6.00732946 1.000000
-10.84466743 5.47020912 4.70515394 1.000000
-10.69721413 5.45960140 4.67975950 1.000000
-10.88802719 5.61887455 4.83739471 0.000000
-10.68560600 5.46200657 4.89324379 0.000000
-10.67104912 5.37217379 4.65273952 1.000000
-10.83631897 5.52011585 4.82003927 0.000000
-10.66454792 5.36913300 4.86697531 1.000000
-10.84722137 5.57149315 4.69020462 1.000000
-10.84499264 5.60797596 4.91338444 0.000000
-10.78110695 5.47154999 5.13072395 2.000000
-10.76862621 5.46888447 5.35850048 1.000000
-10.88054657 5.64986038 4.51767921 0.000000
-10.76370239 5.47986794 4.53810835 1.000000
-10.81947994 5.51159859 4.73406887 2.000000
-10.86542320 5.55284405 4.93998098 2.000000
-10.83673668 5.52313328 5.16672516 2.000000
-10.68144894 5.50911903 5.45986128 0.000000
-10.86844063 5.55432892 4.51839590 0.000000
-10.73847866 5.34213924 4.54491377 0.000000
-10.72049522 5.34819031 4.77384329 0.000000
-10.69845295 5.35799217 5.01122570 0.000000
-10.79256058 5.36711788 5.19952345 0.000000
-10.67907524 5.48312759 4.52616310 0.000000
-10.85236931 5.57037497 4.69051170 0.000000
-10.84113026 5.57288170 4.92002773 0.000000
-10.99324608 5.48996544 5.07443333 5.000000
-10.69007683 5.49532986 5.43855381 0.000000
-10.89163017 5.62118196 4.54151440 0.000000
-10.75639057 5.44202709 4.81393242 1.000000
-10.75441647 5.44583464 5.04838943 1.000000
-10.74074745 5.45626831 5.29292727 1.000000
-10.73813534 5.45928335 5.53823757 0.000000
-10.71265125 5.47893143 6.05233383 1.000000
-10.81394768 5.35939980 4.90363216 1.000000
-10.87038326 5.57215691 5.26072788 0.000000
-10.69511127 5.55179548 4.61915970 0.000000
-10.80662155 5.71287155 4.83240509 0.000000
-10.66135120 5.54013634 6.15444899 0.000000
-10.95711231 5.45308876 4.58413553 9.000000
-10.75396824 5.49773216 5.40973616 0.000000
-10.79541206 5.49783897 5.91127062 0.000000
-10.75127983 5.51533031 6.20051336 0.000000
-10.95513821 5.34724426 5.50666189 6.000000
-10.93483353 5.40758514 4.87710953 255.000000
-10.93815041 5.66838837 5.81864643 2.000000
-10.85459423 5.58441162 5.58852386 2.000000
-10.86963177 5.53250122 5.12442112 2.000000
-10.86676216 5.56050873 5.14822149 1.000000
-10.83030033 5.52717972 6.09794521 32.000000
-10.68586254 5.55019760 5.33369780 3.000000
-10.78036499 5.49645996 6.26031828 30.000000
-10.65640163 5.53099060 4.93314028 3.000000
-10.93554592 5.64696503 5.85354567 2.000000
-10.92931175 5.56001282 5.48182344 2.000000
-10.72176170 5.55207443 5.13839006 2.000000
-10.69634628 5.57683182 5.23941231 2.000000
-10.93589687 5.60100937 5.67959881 4.000000
-10.71777344 5.57253647 4.85109091 1.000000
-10.78388023 5.59710693 5.75040865 3.000000
-10.81531525 5.51332474 6.22464943 20.000000
-10.89587021 5.60808563 4.99457121 1.000000
-10.72220039 5.54046631 5.31658936 1.000000
-10.89255238 5.58384705 6.06235743 3.000000
-10.92023182 5.56982422 5.99383688 4.000000
-10.67004395 5.51372910 5.38336182 2.000000
-10.80375481 5.45585632 6.24506760 11.000000
-10.65764713 5.61526871 5.67762423 1.000000
-10.87397385 5.52763367 6.04484081 7.000000
-10.83039093 5.55513000 5.43250179 1.000000
-10.76894665 5.50849152 6.04859972 17.000000
-10.67708778 5.60364914 5.35151625 1.000000
-10.81660843 5.50171661 6.15463591 39.000000
-10.80021095 5.54377365 6.02493906 41.000000
-10.66791344 5.53104019 5.59117651 1.000000
-10.92274857 5.44546127 6.03615093 18.000000
-10.94023132 5.63933182 4.92215586 2.000000
-10.75968647 5.59506989 5.70125151 1.000000
-10.73551273 5.50086212 5.50264835 2.000000
-10.75758553 5.57022476 4.80156279 1.000000
-10.95286369 5.68380737 5.61420250 3.000000
-10.74699879 5.58825302 5.48060560 1.000000
-10.81495380 5.54871368 5.34862900 3.000000
-10.92686653 5.49208450 6.13974285 15.000000
-10.84856701 5.51863861 4.69389248 3.000000
-10.81199741 5.52773285 5.47398424 3.000000
-10.97496414 5.56732941 5.50750589 3.000000
-10.87641525 5.40511513 4.84599495 3.000000
-10.66239357 5.59148026 5.66864824 2.000000
-10.97357941 5.35918045 5.28210020 4.000000
-10.88895416 5.45178032 5.56430244 1.000000
-10.89201546 5.53872299 5.90101862 1.000000
-10.80130196 5.54851532 5.33352757 2.000000
-10.84545517 5.51283646 6.10921907 40.000000
-10.64885712 5.61604309 5.27000952 2.000000
-10.73610306 5.56320572 6.04276848 4.000000
-10.91543198 5.53503609 5.18353701 1.000000
-10.83501244 5.59950829 5.53399801 2.000000
-10.90751743 5.59337425 5.55532265 1.000000
-10.76406002 5.46827888 6.31015396 24.000000
-10.88625622 5.52648544 5.21169233 1.000000
-10.83408165 5.57469940 4.76984262 4.000000
-10.75450230 5.57949066 6.12312460 25.000000
-10.71552467 5.58504486 5.33068752 2.000000
-10.76490211 5.51483154 6.18177366 11.000000
-10.87631989 5.61198997 4.77150393 1.000000
-10.94789124 5.56690598 5.47913980 2.000000
-11.01753616 5.50752068 6.18690157 28.000000
-10.65195370 5.59936142 5.32729053 2.000000
-10.70665836 5.55227280 6.02765036 15.000000
-10.65739155 5.60562325 5.63178778 1.000000
-10.95846844 5.53229713 5.39055395 1.000000
-10.85452557 5.70576859 6.11328411 1.000000
-10.94355297 5.56291389 4.93988276 1.000000
-10.64680195 5.66784859 5.63723564 1.000000
-10.93149471 5.53463554 4.76057673 2.000000
-11.00146008 5.47633743 6.10168505 1.000000
-10.87342739 5.65964127 5.45364809 2.000000
-10.79106426 5.55590820 5.28517103 2.000000
-10.83236790 5.55187225 5.95119429 2.000000
-10.98484612 5.58174896 4.92653179 1.000000
-10.74236298 5.63934898 5.57138777 2.000000
-10.75738811 5.54469681 5.33884144 2.000000
-10.73013210 5.53451347 4.80144262 3.000000
-10.79006290 5.52989388 5.44809532 1.000000
-10.78560925 5.61652374 5.16601133 2.000000
-10.93222046 5.55184937 5.80641794 0.000000
-10.92284966 5.55606270 5.53643227 3.000000
-10.97562408 5.53178406 6.15579891 24.000000
-10.96809483 5.50397110 6.09190464 33.000000
-10.70148659 5.57851982 5.63805485 3.000000
-10.87429810 5.53786469 4.88108826 1.000000
-10.78934097 5.57306290 6.04225540 2.000000
-10.74470520 5.62205315 4.64098454 2.000000
-10.73957253 5.66156387 5.21192598 1.000000
-10.88144302 5.56588745 5.76527405 1.000000
-10.67807388 5.70082188 4.95476818 1.000000
-10.72728920 5.61721134 6.06351137 6.000000
-10.77621460 5.56093121 4.97820473 2.000000
-10.90763664 5.50582218 6.09175920 5.000000
-10.93588066 5.61651897 5.62285280 5.000000
-10.75460434 5.47456837 6.13790464 10.000000
-10.91381359 5.60367107 5.65314865 3.000000
-10.75717545 5.56061554 6.03191519 16.000000
-10.73744202 5.64536858 4.90383291 1.000000
-10.74012756 5.65928650 5.44204283 1.000000
-10.84349346 5.51768112 5.95221138 1.000000
-10.68298244 5.62822914 4.79976177 2.000000
-10.68419743 5.74191475 5.35880995 0.000000
-10.77179813 5.57471275 5.85243368 1.000000
-10.68368053 5.64329147 4.69042253 1.000000
-10.68368053 5.64928246 5.21629953 2.000000
-10.74120903 5.59370422 5.73144245 1.000000
-10.80263519 5.64951229 4.90811825 1.000000
-10.80196571 5.67053699 5.42816925 1.000000
-10.94155502 5.58426380 5.93939734 1.000000
-10.78242302 5.68954659 4.67591429 1.000000
-10.79959488 5.61211586 5.17105818 3.000000
-10.91477013 5.52059364 6.18700266 33.000000
-10.68323326 5.63517952 5.00016880 1.000000
-10.68377304 5.66293335 5.51251698 1.000000
-10.80600357 5.55529022 6.00386810 1.000000
-10.69741726 5.56686211 4.59499407 1.000000
-10.69333076 5.70350552 4.73383856 1.000000
-10.66714096 5.67184925 5.22196627 1.000000
-10.71872520 5.57936001 6.21083689 4.000000
-10.77400017 5.66278362 5.09513664 0.000000
-10.89551735 5.47975731 6.04392242 32.000000
-10.91164494 5.46550179 6.31106043 4.000000
-10.64830971 5.73479652 5.56706524 2.000000
-10.72207260 5.71833897 5.51057291 1.000000
-10.65858555 5.62166691 4.67059755 1.000000
-10.78678036 5.48061085 5.87640667 1.000000
-10.79023457 5.43604851 6.27966022 19.000000
-10.71310234 5.74720097 4.80857658 1.000000
-10.88884926 5.61787128 6.00953484 0.000000
-10.64791489 5.69844818 5.06531048 1.000000
-10.69519043 5.65408373 4.76565504 2.000000
-10.82733154 5.62557840 4.75118065 0.000000
-10.75647736 5.46856737 4.64169884 2.750000
-10.88766861 5.56568384 4.71637011 0.500000
-10.87767315 5.44173479 4.70067310 2.458333
-10.79725361 5.39133167 4.72213411 1.250000
-10.97604656 5.56367445 5.14116621 0.500000
-10.97550583 5.45525789 5.12152624 3.666667
-10.88667965 5.59127522 5.06413460 0.000000
-10.84140587 5.42779112 5.17060757 1.750000
-10.73737431 5.59029770 4.74339485 0.535714
-10.72668552 5.55084801 5.10445070 1.333333
-10.88199043 5.63251448 4.73093367 0.000000
-10.86487484 5.52346230 4.72318840 2.000000
-10.79296303 5.48228502 4.74306631 1.500000
-10.83819008 5.46378326 4.68891096 1.000000
-10.76002407 5.36638355 4.58261061 1.500000
-10.83665943 5.50719452 4.73211288 1.000000
-10.72993946 5.40448523 4.76030397 1.000000
-10.84718323 5.54935741 4.70025444 1.500000
-10.76403141 5.42802238 4.72048426 1.000000
-10.84385490 5.56270981 4.96535158 1.000000
-10.75562096 5.44450569 4.98781443 1.000000
-10.84370041 5.48427534 4.78291702 1.200000
-10.83137989 5.64304447 4.55216885 0.333333
-10.78952122 5.51313257 4.56011057 1.666667
-10.73547554 5.64530849 4.70142460 1.250000
-10.77453423 5.66092873 5.10378361 1.200000
-10.81136513 5.47921133 4.58671093 1.500000
-10.66064072 5.40584803 4.77779579 0.000000
-10.82324123 5.52057362 4.99942970 0.800000
-10.73750782 5.41198683 5.03083706 1.000000
-10.69706917 5.41467714 5.32802200 0.500000
-10.94061565 5.49874210 5.66319370 1.875000
-10.76804161 5.47492933 5.73327541 1.666667
-10.81249428 5.50812292 6.15609074 6.500000
-10.95278740 5.53264046 4.90504074 0.000000
-10.97980785 5.36403370 5.03699684 2.083333
-10.89344215 5.30634880 5.06460190 1.250000
-10.97067547 5.41272783 5.76572275 1.166667
-10.90074635 5.38217068 4.77807283 0.000000
-10.93485928 5.33402729 5.19206381 0.000000
-10.91682529 5.38925552 5.64186907 0.000000
-10.87808800 5.49636745 5.67192125 0.000000
-10.86755085 5.35264015 6.24814177 0.500000
-10.78803444 5.43069839 5.31894112 0.000000
-10.81630039 5.38879204 5.75280094 0.000000
-10.78550720 5.40033817 6.21987009 0.600000
-10.96740723 5.55433083 4.97559881 1.000000
-10.91918182 5.57837963 6.10409784 4.000000
-10.99444199 5.64893913 5.82674074 3.000000
-10.99600601 5.66765976 6.15205145 14.000000
-11.01099014 5.65859222 6.30077505 3.000000
-10.85145569 5.46401978 5.38236141 3.000000
-10.89265823 5.59528351 5.57043266 2.000000
-10.86969757 5.58316040 6.14063978 3.000000
-10.90530014 5.54036713 6.10914946 9.000000
-10.78952408 5.48327637 5.40004969 3.000000
-10.96729279 5.63592529 4.88750792 2.000000
-10.90049744 5.58005142 6.01922464 36.000000
-10.89083481 5.51327133 5.68034840 2.000000
-10.95046616 5.63047409 5.94665098 2.000000
-10.97354126 5.60793304 4.59407806 2.000000
-10.91600418 5.56416702 6.18048000 23.000000
-10.95126724 5.57410049 5.03717899 2.000000
-10.98670578 5.56775284 5.41860533 3.000000
-10.95716095 5.55858612 5.69317484 3.000000
-10.94147873 5.53864288 6.23248816 14.000000
-10.90630341 5.48749924 6.08100367 11.000000
-11.00818253 5.57723236 6.11925554 5.000000
-10.89772034 5.48759079 6.06938696 4.000000
-10.84094620 5.45885468 5.28859711 2.000000
-10.92430115 5.52964783 5.27172327 3.000000
-10.88646317 5.53915787 6.10730934 21.000000
-10.89057922 5.54081726 4.94799995 2.000000
-10.95238113 5.56668854 6.24764538 6.000000
-10.86489105 5.43665314 6.04809189 11.000000
-10.93401337 5.50014114 4.57865381 3.000000
-10.90141678 5.48244476 6.07455015 39.000000
-10.99695969 5.48855209 5.60696745 3.000000
-10.95413208 5.39632416 5.59934378 2.000000
-10.92454529 5.56515503 5.69621181 2.000000
-10.85879898 5.48684692 6.19519806 4.000000
-10.84558868 5.42525101 6.18442011 31.000000
-10.91735840 5.50807190 6.12524080 5.000000
-10.77293015 5.35818100 6.19462776 3.000000
-10.78631210 5.39324570 6.29709291 2.000000
-10.76308060 5.40751648 5.96476507 2.000000
-10.83275986 5.44699097 4.62190485 2.000000
-10.95414352 5.52719116 4.94865704 3.000000
-10.81544495 5.51202774 6.17059374 6.000000
-10.98920059 5.65318298 6.19717741 3.000000
-10.98764420 5.64609146 6.22722101 16.000000
-10.82678986 5.42949677 5.22689009 2.000000
-11.01027298 5.74560165 5.82707453 2.000000
-10.92576599 5.60982513 6.11622381 17.000000
-10.89307022 5.64268112 6.05200005 5.000000
-10.89195442 5.59809113 5.91515207 15.000000
-10.97362137 5.60189056 6.11919880 7.000000
-10.92049408 5.61588669 6.26647282 5.000000
-10.75274277 5.43456268 6.01205730 12.000000
-10.86451721 5.53535461 6.05648041 12.000000
-10.99510574 5.59930038 5.98049355 13.000000
-10.78991318 5.47066116 6.20213175 21.000000
-10.77258492 5.38853836 6.04539585 9.000000
-10.77844620 5.39391327 6.27203751 23.000000
-10.74832726 5.41738892 4.61535454 3.000000
-10.98949146 5.61144638 6.19691133 5.000000
-10.80408955 5.45453644 6.01789665 6.000000
-10.95032406 5.60097504 6.06414843 10.000000
-10.64793396 5.40637970 4.74561024 3.000000
-10.87605286 5.54393005 4.59582233 3.000000
-10.86879063 5.56549072 5.15506363 3.000000
-10.99406338 5.31906891 5.08273029 11.000000
-10.96504402 5.58082199 4.84631395 2.500000
-10.86722946 5.57564163 5.11890793 2.000000
-10.93380737 5.55021667 6.22637224 9.000000
-10.84361172 5.49204254 4.85437346 2.000000
-10.84829330 5.43237686 6.03400373 8.000000
-10.81810379 5.48807907 6.07117558 16.000000
-10.83688354 5.43310165 5.70426941 3.500000
-10.76760864 5.48782349 4.69943953 3.000000
-10.71089554 5.48963547 5.75598240 2.000000
-10.92762947 5.57401657 4.71286917 2.000000
-10.88169289 5.55395889 5.76830339 3.000000
-10.98258972 5.56500244 4.50957155 4.000000
-10.75231457 5.56838608 5.51943827 1.000000
-10.93325710 5.40951538 5.21124411 7.000000
-10.82228470 5.49358368 5.36161566 2.000000
-10.86133480 5.45623779 5.06073952 3.000000
-10.73451710 5.43591690 6.09814644 10.000000
-10.82868862 5.48550034 5.45285988 3.000000
-10.92845440 5.54578781 4.94425201 2.000000
-10.96048927 5.55157852 6.02178001 3.000000
-11.01230812 5.55333328 6.02780771 36.000000
-10.96437168 5.53997421 5.11454630 2.000000
-10.86474514 5.49544907 6.10563517 16.000000
-10.80884743 5.47656250 6.08661270 6.000000
-10.72368431 5.40850067 4.88650465 3.000000
-10.95302963 5.53672791 5.03188515 3.000000
-10.85036564 5.51094437 6.08396721 8.000000
-11.00624466 5.63613510 6.14258385 2.000000
-10.88290501 5.53672791 5.35852909 3.000000
-10.94276047 5.54653168 5.63249922 3.000000
-10.68197823 5.38479614 6.09485102 18.000000
-10.98706245 5.36539841 4.98917961 131.000000
-10.84042835 5.48253632 4.53807116 2.000000
-10.96112823 5.28807449 5.02164125 13.000000
-10.96199226 5.30815506 4.89529085 44.000000
-10.99872398 5.42419052 5.61487961 3.000000
-10.80088329 5.46148300 5.09908390 3.000000
-10.66523647 5.50054550 6.15870905 2.000000
-10.85217381 5.47007370 6.20446968 11.000000
-10.98229694 5.55916595 5.48802900 2.000000
-11.00740719 5.57904053 6.06011343 4.000000
-10.73973083 5.47216797 4.79227638 2.000000
-10.90706730 5.46583176 4.97026110 3.500000
-10.76526642 5.47924423 5.31888199 4.000000
-10.82218361 5.48210144 4.98793793 2.000000
-10.81542778 5.47249985 6.04601288 15.000000
-10.83781624 5.53298187 4.98190212 3.000000
-10.81721973 5.50886154 6.03935146 5.000000
-10.96275902 5.53301620 5.72739649 2.000000
-10.91318417 5.49943161 6.07580948 16.000000
-10.84718132 5.50924301 6.08044243 4.000000
-10.80848980 5.48588943 6.15039063 8.000000
-10.92786980 5.52043533 6.05025291 19.000000
-10.91161346 5.47919083 6.00691938 15.000000
-10.88221264 5.47615051 6.00778627 8.000000
-10.93796253 5.51903915 6.05137396 12.000000
-10.86227036 5.44736481 5.00965691 2.000000
-10.83943176 5.44227219 6.06925249 27.000000
-10.87754154 5.49537659 4.58576584 4.000000
-10.84291267 5.54032898 5.64834213 3.000000
-10.87491322 5.47511292 4.98420238 3.000000
-10.84966087 5.47705460 6.04842138 11.000000
-10.94895363 5.50086975 5.51619768 4.000000
-10.96145821 5.52783966 4.94834995 2.000000
-10.90094852 5.47520065 6.00709105 21.000000
-10.89425278 5.47694016 6.27763319 34.000000
-10.85851002 5.55941391 5.19818687 1.000000
-10.82020283 5.54999924 5.37128687 2.000000
-10.87506104 5.50400162 4.57445621 4.000000
-10.80625534 5.47803497 5.61994886 1.000000
-10.84290314 5.45228577 6.23708963 17.000000
-10.99343300 5.61329269 6.29252958 2.000000
-10.69670963 5.58431625 5.42434120 1.500000
-10.85627079 5.48722076 6.07091379 6.000000
-10.85863018 5.49798584 5.15791225 3.000000
-10.78756523 5.50072479 6.21554852 6.000000
-10.85254288 5.47740555 4.71424770 5.000000
-10.81409454 5.49209595 4.57029057 2.000000
-10.90352821 5.53601837 5.66535091 3.000000
-10.99470520 5.52762985 5.69328785 4.000000
-10.89703846 5.50656128 5.07618093 4.000000
-10.77845669 5.49364853 6.12091017 4.000000
-10.94291019 5.57568741 6.17857599 2.000000
-10.91723442 5.54282761 5.78031778 2.000000
-10.92899323 5.51304626 6.08291245 38.000000
-10.79481411 5.52946472 5.73863220 1.000000
-10.95546532 5.55931854 5.30476189 1.000000
-10.87757874 5.53920364 5.78985167 2.000000
-10.82398033 5.52941513 5.88254404 2.000000
-10.90041828 5.54934311 5.04313278 3.000000
-10.90584946 5.49259186 6.03089523 8.000000
-10.84627247 5.48672104 4.67448711 2.000000
-10.80215836 5.49391937 6.06308746 2.000000
-10.84967422 5.50576019 4.75442982 2.000000
-10.87292290 5.51607513 5.97325802 8.000000
-10.84116745 5.47327423 4.65023422 2.000000
-10.79776192 5.44634628 6.09042025 24.000000
-10.85396671 5.47173691 4.51715517 3.000000
-10.93054104 5.54901886 5.62224770 2.000000
-10.87374496 5.49271774 4.71262217 5.000000
-10.81931973 5.51122665 4.96453857 2.000000
-10.97209835 5.51027298 4.60109520 3.000000
-10.88729763 5.50861359 5.21243668 2.000000
-10.97409153 5.51347733 6.31415462 5.000000
-10.87935352 5.50230026 6.07626009 12.000000
-10.93569183 5.53050995 5.12938499 2.500000
-10.86824894 5.52393723 6.18600655 2.000000
-10.87829399 5.54271698 4.98668337 4.000000
-10.85511303 5.50831985 6.03321552 45.000000
-10.95740318 5.56343079 5.29467058 2.000000
-10.74176979 5.46363831 4.73874807 2.000000
-10.75806046 5.42901230 5.99325991 20.000000
-10.96949577 5.54421234 6.04421616 51.000000
-10.90734291 5.58421326 5.78666544 3.000000
-10.80084896 5.47824860 5.37401676 2.000000
-10.77594376 5.43800735 6.11024666 8.000000
-10.87801266 5.52155304 5.26012564 2.000000
-10.92628479 5.52463913 4.76461506 3.000000
-10.82645416 5.50671387 5.04214430 4.000000
-10.82398510 5.49882889 5.19371080 2.000000
-10.81490231 5.47164154 5.71159506 4.000000
-10.83421516 5.46765137 5.18468714 3.000000
-10.89797211 5.52565765 6.29841471 4.000000
-10.92114353 5.61055374 5.43229103 2.000000
-10.96155643 5.53243256 4.83413839 3.000000
-11.01727486 5.57790756 5.97107220 2.000000
-10.94256783 5.55118179 4.73960400 3.000000
-10.95776653 5.50931931 6.15145969 42.000000
-10.88292503 5.50515366 5.16283560 4.000000
-10.89146137 5.47239685 6.21119118 48.000000
-10.82220268 5.48979568 5.17983913 3.000000
-10.76211166 5.48865509 6.22555351 9.500000
-10.70437908 5.47414017 5.09545851 3.000000
-10.80888367 5.52078629 6.16774464 18.500000
-10.68114853 5.45254517 5.03655672 1.000000
-10.67745781 5.46300125 6.09156561 1.000000
-10.81542492 5.51654816 5.09131289 2.000000
-10.75649929 5.55021667 6.14803553 2.000000
-10.86325264 5.56985474 5.28129387 2.000000
-10.89588928 5.52433395 4.53211832 3.000000
-10.94368458 5.53830719 5.13278675 4.000000
-10.84629154 5.55407333 6.18204880 4.000000
-11.01386929 5.62826920 6.23453331 3.000000
-10.95311832 5.58979797 5.92276716 2.000000
-10.89478493 5.49055481 6.13944912 42.000000
-10.94619560 5.55773926 5.36508322 3.000000
-10.95598221 5.56695938 4.84730196 3.000000
-11.01498699 5.61135101 5.94662571 3.000000
-10.97017765 5.55024719 5.47927523 2.000000
-10.90988541 5.53422546 5.74220181 3.000000
-10.95832062 5.51062393 6.07042360 36.000000
-10.95435047 5.56992340 5.32621861 2.000000
-10.90247822 5.51132584 6.08360147 30.000000
-10.83777046 5.54782867 5.26242828 2.000000
-10.94919586 5.51762772 4.85157633 2.000000
-10.88800716 5.54179764 5.90244961 5.000000
-10.84980869 5.53258514 4.67363644 2.000000
-10.86051846 5.53165817 6.16999435 13.500000
-10.88011742 5.57621002 6.26678371 2.000000
-10.91113472 5.55374146 5.28927612 3.000000
-10.87826347 5.48829269 5.09537220 3.000000
-10.87502861 5.50402451 6.14659882 53.000000
-10.82746506 5.52767181 4.86186409 3.000000
-10.79714203 5.54579926 5.91372871 3.000000
-10.92072010 5.56459808 5.91056299 2.000000
-10.91034031 5.53579330 5.02962303 4.000000
-10.87775517 5.49734116 6.07675028 30.000000
-10.96542931 5.53298569 5.04521561 1.000000
-10.94231987 5.50879288 6.09346104 34.000000
-10.91897011 5.55822372 4.65203285 4.000000
-10.96976757 5.61979294 5.72420406 3.000000
-10.83391762 5.52547455 5.13495111 2.000000
-10.81119347 5.56406403 6.19741201 3.000000
-10.91124535 5.53236771 5.97827625 6.000000
-10.89556980 5.57825851 4.61405277 2.000000
-10.96696854 5.56265640 5.68799973 2.000000
-10.85223198 5.49694824 4.51794052 3.000000
-10.89296532 5.56524277 5.80254650 3.000000
-10.93916988 5.53311157 5.27667236 2.000000
-10.94454193 5.51961899 4.99413681 3.000000
-10.85930347 5.51873016 6.05657482 13.000000
-10.95718765 5.55723953 5.01822567 3.000000
-10.87761307 5.51643753 6.07759857 11.000000
-10.92684269 5.55361176 5.08897972 3.000000
-10.86473179 5.51103210 6.14928102 24.000000
-10.86209297 5.51790237 5.36023521 3.000000
-10.79280281 5.49116516 4.54661083 3.000000
-10.68559837 5.55073166 5.59339809 1.500000
-10.94609928 5.54817581 5.73225260 2.000000
-10.87922478 5.52564621 5.77816057 2.000000
-10.92861652 5.53568268 5.49132967 2.000000
-10.86831093 5.54234695 5.24691868 3.000000
-10.83826160 5.50391769 4.59416866 2.000000
-10.90598011 5.50696564 4.73533154 4.000000
-10.89163589 5.56273651 5.79728222 2.000000
-10.97347355 5.59967041 5.54355669 1.000000
-10.86559391 5.52088165 6.00900126 7.000000
-10.83172417 5.57577133 5.45009375 2.000000
-10.87296295 5.53405380 5.48997498 2.000000
-10.97249508 5.54219437 6.17109299 3.500000
-10.85038376 5.61596298 5.77944183 3.000000
-10.95479012 5.58592606 5.81524086 6.000000
-10.91685867 5.52103424 5.39011860 2.000000
-10.81233978 5.47741318 4.62244368 3.000000
-10.83272266 5.51088333 4.73756027 2.000000
-10.73900127 5.50366974 6.18252134 2.000000
-10.77810860 5.43557739 6.31335831 22.000000
-10.91318130 5.50166321 6.08874512 25.000000
-10.90907001 5.51980209 5.35762072 2.000000
-10.73545647 5.46098709 6.06944036 2.000000
-11.00116730 5.39570618 5.53931713 3.000000
-10.69454861 5.45013046 5.35283089 2.000000
-10.65551186 5.38623810 4.98457479 5.000000
-10.94456577 5.34351349 5.02736998 255.000000
-10.90604782 5.34260178 5.26344967 255.000000
-10.82961082 5.32107925 4.86438990 130.000000
-10.93057156 5.41776276 4.84695959 242.500000
-10.66449356 5.54338837 6.25261974 2.000000
-10.81311989 5.54140472 5.67439985 3.000000
-10.82236195 5.49155426 5.07015800 3.000000
-10.79286098 5.47437668 6.12145329 37.000000
-10.84139538 5.70435715 5.60603142 2.000000
-10.73666668 5.43242645 5.24180889 1.000000
-10.89405727 5.46639252 5.14407587 3.000000
-10.73034000 5.45121765 4.88477373 2.000000
-10.83750534 5.46994781 6.00652695 32.000000
-10.74525642 5.70209122 5.69275188 2.000000
-10.92615509 5.54302597 5.60254669 2.500000
-10.78278637 5.52500534 5.67216969 2.500000
-10.83541584 5.53618622 5.65305805 2.500000
-10.97036552 5.52742767 5.50742292 3.000000
-10.97306347 5.53012466 5.95776653 24.000000
-10.95915413 5.56180191 5.68604469 3.000000
-10.92794418 5.53951645 6.10549259 2.000000
-10.72018433 5.49145126 6.14987564 3.000000
-10.89895439 5.52085114 6.18630600 3.000000
-10.83410263 5.50412750 5.02915382 4.000000
-10.82043076 5.46925354 6.09209824 49.000000
-10.95355892 5.54860306 5.12384748 1.000000
-10.85362720 5.49646759 6.16627645 4.500000
-10.84362411 5.44327927 4.92668629 2.000000
-10.84460831 5.43186188 4.72553062 3.000000
-10.79918194 5.47162247 5.79416037 3.000000
-10.95783424 5.59859085 5.84019661 3.000000
-10.98856354 5.54932022 5.16448498 3.000000
-10.90362263 5.60248184 6.23512268 3.000000
-10.96314621 5.55111313 6.29881430 2.000000
-10.90121841 5.48597336 4.72622776 3.000000
-10.84410381 5.50450516 5.16979456 2.000000
-10.92407608 5.53891754 6.03302670 6.000000
-10.80706215 5.50855255 5.91235733 3.000000
-10.89801311 5.39828873 5.00308847 3.000000
-10.90369797 5.43233109 5.73307848 2.000000
-10.79144478 5.48699951 6.02592897 9.000000
-10.76537800 5.51052856 6.10347605 4.000000
-10.73237801 5.52403641 5.27014685 1.000000
-10.99364662 5.56951523 5.31652117 2.500000
-10.99696922 5.40360260 5.53764629 255.000000
-10.83026505 5.55709839 6.28210783 2.000000
-11.01328278 5.49264908 6.28634214 2.000000
-10.90522194 5.48784637 4.77858448 2.000000
-10.94432259 5.45146561 5.22230291 3.000000
-10.66856575 5.47948456 6.18355751 3.000000
-10.74543476 5.53931046 4.59363604 2.000000
-10.74686623 5.42451477 4.56424999 255.000000
-10.83652973 5.56956863 4.89537144 172.333328
-10.86614609 5.57128525 4.86520672 3.000000
-10.82787418 5.52942657 5.85658360 29.000000
-10.86285210 5.48109055 4.57859230 11.000000
-10.73653793 5.51205826 4.74077940 4.000000
-10.90697479 5.63135147 5.77772808 3.000000
-10.77708244 5.41704941 4.54945183 255.000000
-10.67778778 5.46692276 5.52907515 1.000000
-10.75067902 5.44121170 4.66977978 5.000000
-10.86743355 5.52028656 5.33937836 2.000000
-10.67042160 5.56703949 4.58100557 3.000000
-10.73478222 5.52997589 6.21333027 6.500000
-10.85286045 5.34547806 6.23722124 24.000000
-10.73479652 5.53431702 6.19533205 4.000000
-10.73805046 5.56826401 5.23110723 2.000000
-10.79329681 5.53892899 6.11002541 4.000000
-10.75973034 5.63371658 5.67698479 1.000000
-10.66565514 5.49466324 4.57753325 2.500000
-10.82192802 5.44915009 6.29223204 15.000000
-10.66973686 5.55435562 5.76344442 2.000000
-10.74011040 5.58304977 5.23385859 2.000000
-10.76328087 5.56364441 6.05412340 6.000000
-10.74830437 5.61262131 4.97521973 2.000000
-10.87527561 5.55378342 5.88962078 2.000000
-10.75773335 5.52847290 5.13981104 3.000000
-10.93698025 5.58922577 5.17466259 1.000000
-10.76284790 5.48448181 4.69348288 3.000000
-10.92463684 5.58591843 5.55061913 1.000000
-10.77935219 5.54215240 4.60140324 4.000000
-10.67927170 5.63180923 5.38325787 1.000000
-10.79311943 5.55010223 5.40317917 2.000000
-10.74573517 5.59318161 6.20269489 7.000000
-10.74105072 5.61350250 5.64605999 1.500000
-10.76418495 5.54965591 4.73555994 1.000000
-10.94373131 5.66913605 5.58527851 2.000000
-10.70755100 5.61543655 6.03568411 5.000000
-10.95323563 5.46570969 6.22731638 6.000000
-10.79543114 5.55288315 4.57935524 1.000000
-10.74697685 5.62514114 5.36510849 1.000000
-10.73361015 5.61407471 6.15445757 5.000000
-10.70619488 5.56213379 4.54151630 1.000000
-10.76225281 5.55692291 4.91250181 2.000000
-10.87382984 5.44244003 4.61280155 1.500000
-10.89475155 5.45795441 5.42136717 3.000000
-10.84436512 5.48400497 6.21360111 7.000000
-10.87762165 5.54059219 4.53731585 1.500000
-10.92547894 5.55389786 5.34536886 2.000000
-10.83712482 5.59759521 6.11662292 5.500000
-10.82029819 5.51226807 4.95254326 1.000000
-10.74837017 5.56436920 5.74337387 3.000000
-10.97783756 5.57132339 5.81786108 2.000000
-10.77960587 5.49660492 4.82721615 3.000000
-10.70007896 5.57409668 5.61175966 1.000000
-10.97878075 5.53598022 5.71123266 2.333333
-10.90097332 5.40388107 4.69997215 3.000000
-10.96792316 5.45114136 5.53242970 1.666667
-10.77613544 5.62355042 5.25285625 1.000000
-10.70024776 5.65149307 6.02725983 6.500000
-10.72237396 5.55626297 4.92344761 1.000000
-10.95770073 5.69041824 4.98024464 3.000000
-10.92168617 5.69194031 5.76898956 2.000000
-10.69742584 5.65180016 4.62073612 0.000000
-10.78131104 5.52906227 4.64142561 3.000000
-10.88970947 5.60983849 5.45559549 2.500000
-10.78812790 5.60460854 6.22474051 3.000000
-10.89600182 5.52169991 6.24997187 1.000000
-10.87719536 5.38324356 5.06676340 1.000000
-10.72407627 5.58439064 4.70547771 2.000000
-10.84995747 5.53133965 4.73347950 1.000000
-10.73676205 5.62040138 5.49477720 2.000000
-10.96195126 5.53734970 5.69896603 3.500000
-10.83148193 5.50016212 5.98020411 3.000000
-10.92560577 5.36026192 4.50645256 2.000000
-10.91509438 5.42404366 5.29501581 1.000000
-10.97899628 5.35903740 6.11154032 5.000000
-10.88735199 5.46302605 6.08439112 1.000000
-10.83850670 5.50829506 6.29678488 3.000000
-10.94552040 5.43142891 6.32172012 3.000000
-10.89383125 5.57566404 4.61962032 0.000000
-10.82907295 5.48779154 4.73276567 1.333333
-10.82706738 5.53710508 4.61576271 0.000000
-10.78051853 5.41685009 4.82516289 1.166667
-10.82531548 5.52266121 4.58549309 1.350000
-10.73712444 5.45092106 4.60790014 1.000000
-10.88120747 5.53871632 4.99238300 1.875000
-10.76200485 5.45536995 4.91876125 1.000000
-10.66321182 5.45805693 5.07008171 0.250000
-10.93599606 5.50458145 5.29056740 3.571429
-10.67235184 5.46363497 5.40116262 0.000000
-10.86719799 5.58846617 4.62065029 1.333333
-10.78847504 5.48676300 4.63660431 2.500000
-10.92162895 5.59925747 5.03359127 1.541667
-10.89521790 5.49815989 5.02661085 4.000000
-10.94715214 5.55050087 5.34793186 1.200000
-10.89093018 5.50303984 5.25067949 4.000000
-10.72124290 5.50362921 5.32688808 0.000000
-10.84444427 5.47576904 4.73914480 0.000000
-10.80396748 5.39524174 4.85833740 0.000000
-10.80338764 5.41085052 5.31806898 0.291667
-10.83507347 5.52535009 4.58236504 8.083333
-10.87892437 5.57442617 5.01922798 0.812500
-10.70451164 5.49046516 5.19778919 0.000000
-10.80780697 5.54909372 5.51309967 0.500000
-10.73000240 5.57985640 5.67334557 0.000000
-10.86911011 5.53037453 4.89035892 0.900000
-10.80756378 5.45250845 5.02610397 1.000000
-10.83772278 5.47678041 5.25150824 1.333333
-10.85655212 5.52331161 5.61234856 1.380952
-10.89577770 5.48208570 5.96054649 2.400000
-10.82397461 5.41085529 4.67153740 0.571429
-10.92938232 5.40614605 4.98255539 0.783333
-10.74407959 5.34564781 5.16776752 0.500000
-11.00787830 5.45451164 5.56156826 2.600000
-10.81534576 5.41355705 5.51555252 1.083333
-10.85409641 5.59554958 5.51767731 0.000000
-10.88279247 5.65256023 5.63977051 0.000000
-10.96963406 5.70206928 5.01565599 1.333333
-10.80991554 5.62784243 4.94912291 1.750000
-10.73030663 5.55482388 4.97454119 1.166667
-10.82505894 5.63844824 5.31619120 0.600000
-10.68633461 5.56204748 5.36665201 0.000000
-10.90348339 5.65025663 5.66471720 0.875000
-10.82625389 5.56829119 5.69051170 2.666667
-10.66964817 5.57837248 5.76016617 0.250000
-10.80744171 5.71359110 6.10617781 1.000000
-10.78166485 5.65256357 6.24581194 1.875000
-10.71328163 5.58812904 6.27046490 2.500000
-10.88701344 5.57271957 4.73817110 0.700000
-10.80639839 5.49149418 4.88395643 0.000000
-10.85541058 5.51259708 5.24499559 0.000000
-10.88600254 5.57445526 5.62121534 0.000000
-10.88880825 5.55477715 6.01133013 0.266667
-10.86141205 5.44266510 4.52853966 3.000000
-10.95060253 5.43600845 5.61893129 3.000000
-10.91316223 5.35940933 4.67114449 87.000000
-10.81187439 5.39299774 5.78441143 3.000000
-10.85787582 5.43013000 5.27779293 2.000000
-10.95156097 5.49819565 5.65136766 3.000000
-10.83633041 5.51778412 5.94419765 7.000000
-10.87779999 5.51989746 4.73397732 2.000000
-10.83838654 5.43297577 4.87273788 2.000000
-10.79122543 5.46010971 6.11096096 23.000000
-11.00271225 5.63965988 5.46375179 3.000000
-10.94065475 5.55168533 5.64041901 3.000000
-10.85862446 5.53974152 4.66616249 2.000000
-10.77870941 5.52651596 5.65722561 3.000000
-10.89973831 5.54185867 4.54199648 3.000000
-10.98906708 5.59586716 6.15054941 12.000000
-10.99805069 5.63184357 5.74046135 3.000000
-10.95733643 5.51389313 4.91986847 3.000000
-10.95904922 5.61257553 6.21613884 3.000000
-10.94049072 5.57750320 5.95102358 11.000000
-10.82583237 5.48730469 4.98673344 3.000000
-10.76945877 5.43242264 6.21114635 35.000000
-10.96605682 5.41339493 5.58920813 3.000000
-10.98319626 5.55618286 4.64003849 2.000000
-10.99475479 5.65019226 5.94167805 3.000000
-10.99311447 5.64775848 5.84004450 12.000000
-10.97480011 5.57606125 6.17083979 17.000000
-10.86733246 5.54080963 6.02218008 12.000000
-10.91481400 5.50641251 6.10302639 11.000000
-10.94116974 5.56167603 6.04279852 18.000000
-10.83625793 5.45722961 6.18651581 14.000000
-10.94340134 5.54783630 6.11835718 8.000000
-10.95266342 5.58958435 6.07454681 18.000000
-10.87411118 5.51215744 6.06952047 14.000000
-10.92953491 5.59558868 6.21132374 33.000000
-10.95306015 5.35545349 5.53380108 3.000000
-10.94057655 5.61472321 5.69776106 2.000000
-10.90449715 5.58625793 5.97977972 12.000000
-10.87340546 5.51879883 6.09513569 17.000000
-10.76085663 5.46255112 5.02561188 2.000000
-10.91680527 5.56822968 5.11803722 2.000000
-10.85168839 5.46565628 4.82058525 2.000000
-10.81074715 5.47837448 4.62533092 3.000000
-10.82950401 5.52518845 5.90511179 12.000000
-10.86385536 5.48920059 5.25010586 2.000000
-10.94512463 5.50027084 4.90826178 2.000000
-10.94989300 5.56952286 4.85200787 3.000000
-10.76515961 5.46851349 5.19537258 1.000000
-10.95069599 5.41252136 4.75121498 255.000000
-10.82460403 5.50189972 6.16920948 7.000000
-10.94354820 5.57803345 6.02568054 18.000000
-10.79132748 5.54266739 5.01565599 2.000000
-10.91485405 5.55703354 4.92973423 3.000000
-10.88648033 5.50299835 5.28711176 2.000000
-10.86372185 5.50806427 6.11585236 8.000000
-10.97939873 5.63125610 5.22170925 5.000000
-10.81392860 5.45018005 5.11596823 3.000000
-10.69285011 5.52563477 6.11148453 1.000000
-10.86564255 5.49214554 6.10091972 2.000000
-10.95806122 5.51222610 4.88348055 128.500000
-10.86748123 5.63547516 5.45816469 3.000000
-10.66631699 5.48366928 4.91689062 3.000000
-10.97688007 5.54878998 5.40065241 3.000000
-10.95197582 5.63484192 5.18165731 2.000000
-10.91217804 5.51391220 4.94723654 3.000000
-10.76033878 5.60366058 4.64128780 1.000000
-10.82921410 5.53871155 6.08718681 4.000000
-10.86899471 5.57199097 5.14919567 1.500000
-10.67138672 5.58719254 6.12595129 1.000000
-10.74844170 5.56843948 5.85682774 3.000000
-10.89131165 5.53379440 4.56243324 2.000000
-10.79368305 5.52193451 6.04697466 7.000000
-10.80578041 5.63998413 5.37296772 2.500000
-10.97151184 5.58850479 4.84228277 2.500000
-10.87743378 5.56658173 4.98301125 1.500000
-10.83511353 5.60758972 5.88086176 3.000000
-10.70162868 5.55605698 4.99419832 1.500000
-10.67580128 5.53029633 5.88322544 3.000000
-10.76511383 5.52059555 5.33859062 1.000000
-10.66486359 5.56331253 6.23454475 6.000000
-10.91470718 5.57836533 5.87120676 5.000000
-10.69476032 5.58042526 5.18941545 2.000000
-10.72800732 5.57966614 6.06222534 21.000000
-10.91121864 5.55126572 5.12581396 3.000000
-10.90135384 5.60475540 4.97394896 3.500000
-10.75131607 5.59878540 5.83347178 4.000000
-10.67461014 5.50193024 4.52374077 3.000000
-10.66074562 5.51106262 6.24462032 15.000000
-10.65512753 5.59461975 4.82484102 1.000000
-10.79334545 5.53075790 4.82408094 1.000000
-10.89676571 5.61132050 5.68699980 2.500000
-10.70386791 5.47366714 6.01173687 24.000000
-10.75321770 5.56163406 5.19954252 3.000000
-10.72747612 5.56372452 6.03844881 3.000000
-10.67219830 5.54438019 4.91092300 3.000000
-10.78892040 5.60914612 5.75676775 2.500000
-10.70340538 5.55830383 4.78012085 2.000000
-10.91711617 5.70824051 4.80045223 2.000000
-10.90872574 5.68339920 5.63193893 3.000000
-10.93087387 5.56663513 4.81285906 1.000000
-10.93651009 5.56125641 5.63479805 1.666667
-10.78507614 5.53652954 4.61229324 2.000000
-10.85612297 5.52282715 6.25255013 27.000000
-10.77483177 5.51764679 4.53547525 3.000000
-10.81036854 5.54585266 5.34707165 1.000000
-10.69365692 5.58527756 6.16280222 8.000000
-10.74598312 5.60684586 5.21963644 1.000000
-10.68376732 5.63913727 6.03092051 4.000000
-10.92429447 5.58641434 5.61315298 2.500000
-10.79950714 5.50209808 5.23292303 1.000000
-10.94115353 5.47012711 5.23733902 1.000000
-10.80335617 5.52835846 6.03858709 2.000000
-10.73356819 5.52205276 4.90095806 2.000000
-10.94546318 5.66475296 5.71938896 2.000000
-10.72768688 5.48934174 4.71671200 3.000000
-10.94488239 5.61808395 5.52646255 2.000000
-10.72385311 5.47021866 6.29221296 12.000000
-10.95334435 5.65813446 4.82056093 2.000000
-10.76905346 5.62135315 5.59574127 1.000000
-10.85378933 5.49192047 4.68819380 3.000000
-10.87624073 5.53772354 5.48209238 2.000000
-10.87500668 5.55303574 6.27433205 3.000000
-10.81061840 5.51216888 4.56422281 3.000000
-10.80014515 5.54747772 6.13643599 10.000000
-10.71922970 5.69467163 6.14720297 2.000000
-10.76980400 5.55854797 4.53125620 3.000000
-10.73274422 5.57680893 5.30937672 3.000000
-10.92426872 5.64413452 5.33466578 1.000000
-10.75637817 5.58017731 6.09458447 18.000000
-10.76649666 5.61089325 4.97891045 1.500000
-10.73992920 5.64973831 5.75620556 1.500000
-10.78506660 5.47343063 5.14274168 4.000000
-10.73135853 5.51486588 5.91515398 2.000000
-10.71313477 5.54185867 4.69430828 2.000000
-10.77402496 5.62726593 5.48562956 1.500000
-10.75448895 5.67126083 4.82327509 1.500000
-10.72035503 5.63028717 5.59308338 3.000000
-10.81187439 5.46499443 5.61432362 1.000000
-10.95736122 5.44299507 5.63752508 1.000000
-10.74884224 5.57301331 4.90538645 1.000000
-10.88749313 5.69691467 5.71123791 1.000000
-10.80098534 5.48921204 4.97218180 1.000000
-10.72845268 5.50746155 5.73183870 3.000000
-10.99757195 5.54849243 5.77559662 2.000000
-10.97755623 5.37824249 6.06134653 1.500000
-10.73130322 5.50148773 5.22508907 3.000000
-10.95328426 5.45260239 5.77561188 1.666667
-10.84708214 5.49150658 4.79981041 1.500000
-10.78629494 5.54319191 5.56438494 2.000000
-10.76666069 5.52474594 5.12088823 1.500000
-10.72963142 5.54597473 5.89345121 3.000000
-10.80799866 5.53797150 4.56130123 2.000000
-10.67562485 5.60601044 5.31594086 1.000000
-10.74984360 5.61272049 6.09850979 4.000000
-10.75267982 5.52659988 5.27475023 1.000000
-10.85895157 5.55449104 5.95532370 2.000000
-10.91147423 5.50041771 5.47228432 1.000000
-10.99731255 5.48871422 6.25672913 8.000000
-10.86911488 5.56613159 5.09850597 2.000000
-10.71402454 5.59400940 5.86855125 4.000000
-10.64646435 5.51957130 4.74164200 1.500000
-10.67683887 5.50607491 5.52235937 2.000000
-10.73644161 5.55572891 5.08808184 1.500000
-10.69966793 5.57992172 5.86288595 4.000000
-10.74450588 5.56442261 5.21436739 3.000000
-10.79706097 5.55182266 5.98201466 3.000000
-10.78264427 5.66934967 5.00293684 1.000000
-10.87000275 5.55831528 4.98489618 2.000000
-10.82885075 5.51981163 5.70473480 1.500000
-10.75382614 5.55082321 4.91161680 2.000000
-10.77002907 5.59285355 5.68425083 2.000000
-10.80784416 5.56793594 5.53270483 3.000000
-10.68802738 5.55759621 4.98214245 2.000000
-10.96300793 5.59782600 4.96989441 2.000000
-10.98372936 5.62262154 5.73772669 1.666667
-10.70565701 5.54547882 4.99388981 4.000000
-10.95799541 5.55298996 4.98562717 1.500000
-10.95338154 5.59772491 5.74590492 2.000000
-10.67870808 5.63303375 4.64261293 1.500000
-11.00341320 5.71742630 5.38026571 3.000000
-10.75200176 5.60039520 5.37463760 2.000000
-10.65620518 5.66390610 6.15047407 2.000000
-10.66267776 5.57388687 4.58495903 4.000000
-10.72614288 5.54251480 6.06682634 23.000000
-10.64321136 5.57633591 4.72900009 3.000000
-10.65934944 5.58586884 5.46707058 3.000000
-10.94931412 5.64913559 5.46037436 1.500000
-10.73305321 5.56410599 4.98105145 2.000000
-10.71551514 5.58018875 5.70968819 2.000000
-10.97359467 5.60036087 5.70586300 3.000000
-10.94942093 5.50096893 4.74989748 2.000000
-10.84711075 5.64357948 5.49546385 1.000000
-10.91162682 5.57816505 6.20202446 6.000000
-10.93492985 5.56055832 4.92397738 2.000000
-10.85336399 5.54801559 5.62329149 1.500000
-10.95420742 5.45411682 6.31418514 6.000000
-10.88685131 5.53314018 4.69754601 3.000000
-10.85987759 5.60600662 5.40000772 1.000000
-10.90864658 5.57699966 6.09291697 5.000000
-11.00488377 5.50010109 6.08290577 37.000000
-10.66783810 5.50925827 4.70004082 1.000000
-10.68476200 5.51525116 6.08256388 3.000000
-10.79992390 5.57744789 4.94080877 4.000000
-10.74735355 5.70149612 4.96021843 0.000000
-10.83195591 5.61031342 5.63098240 1.500000
-10.81442738 5.58023262 4.76362562 3.000000
-10.79438496 5.67053604 5.45079041 1.000000
-10.85813808 5.56151581 5.43644381 3.000000
-10.80272961 5.61000633 6.11398697 3.000000
-10.90472889 5.54635620 6.10848522 12.000000
-10.75100422 5.58489799 4.76625299 1.000000
-10.99564457 5.61978722 5.45249271 1.000000
-10.69679928 5.67742538 4.63627005 1.000000
-10.75507069 5.56578636 4.62430286 3.000000
-10.70946598 5.64045334 5.29285765 2.000000
-10.69939137 5.67180061 5.96129227 1.500000
-10.78001213 5.61274529 4.91499281 2.000000
-10.93420982 5.59331322 5.58188057 2.000000
-10.88608932 5.60818863 6.24055099 0.000000
-10.76263523 5.54254341 4.68977499 1.500000
-10.70649147 5.66129303 5.35638380 1.000000
-10.77316189 5.57046700 5.99714994 2.000000
-10.65305424 5.64352798 6.11338043 1.000000
-10.82905483 5.50098419 6.09788752 18.000000
-10.79110432 5.59631157 4.52513599 1.500000
-10.92642307 5.49373436 4.51657915 0.000000
-10.86716366 5.53847122 5.15855408 2.000000
-10.78426456 5.64127922 5.81158590 2.000000
-10.72120094 5.70690727 4.85853815 0.000000
-10.75102234 5.57322121 4.84411335 4.000000
-10.73722076 5.61199760 5.48207760 1.500000
-10.70818520 5.63432693 6.11521530 6.000000
-10.81007767 5.57949829 6.11653042 8.000000
-10.89851189 5.50980377 6.11440086 13.000000
-10.77011013 5.49737167 4.55107069 1.000000
-10.97225666 5.64468956 5.84511757 1.000000
-10.71336365 5.51034927 4.62078905 2.000000
-10.74205780 5.48994827 5.23970985 2.000000
-10.81590462 5.51726913 5.87410116 2.000000
-10.87899780 5.58906746 4.92404461 2.000000
-10.72124100 5.66084480 5.54649067 1.000000
-10.87080956 5.66043854 6.17456436 4.000000
-10.74777603 5.59332466 5.07948685 2.000000
-10.75098610 5.61592484 5.69909668 2.000000
-10.83808231 5.59610939 4.89314032 2.000000
-10.89043903 5.57550621 5.49209690 2.000000
-10.88573933 5.57133484 6.09968567 3.000000
-10.78300953 5.55883598 4.60423326 1.333333
-10.87616062 5.54250717 5.20269823 1.666667
-10.65569210 5.58072090 5.81021261 1.500000
-10.91073322 5.54127884 5.80813074 1.500000
-10.64565277 5.53674126 5.32244349 1.000000
-10.67704201 5.64699173 5.06261396 1.000000
-10.80787754 5.56402206 5.05045080 2.000000
-11.01032257 5.60247612 5.65607977 2.000000
-10.80317879 5.53483963 5.63333130 1.000000
-10.76709747 5.55040169 6.22710323 10.000000
-10.72099686 5.67290306 4.90059805 0.000000
-10.94257736 5.60362434 4.89519310 3.000000
-10.88142395 5.60338974 5.47150707 1.666667
-10.89037704 5.52861404 6.03887463 5.000000
-10.64305305 5.56813812 4.63741589 0.500000
-10.64959335 5.55577087 5.20489502 1.500000
-10.97363663 5.51882172 5.21005964 2.000000
-10.66160965 5.54830742 5.77744770 3.000000
-11.01150703 5.53514099 5.79261971 4.000000
-10.82274055 5.55958939 4.63074112 2.000000
-10.85289955 5.56359482 5.19586849 1.000000
-10.78278732 5.60969734 5.77006626 3.000000
-10.82084656 5.56433201 4.93916655 1.000000
-10.96320724 5.63180637 5.51990557 1.000000
-10.66957474 5.69892406 6.07497454 4.000000
-10.91378403 5.52015018 6.05955935 0.000000
-10.84449005 5.62354565 4.99321413 1.000000
-10.78284836 5.61168003 5.54542017 1.333333
-10.71780777 5.66269207 6.11485291 6.000000
-10.82261753 5.56026554 6.09853601 29.000000
-10.70625687 5.51433659 5.03556108 1.000000
-10.97938538 5.56823635 5.05343962 1.500000
-10.86915779 5.55518818 5.60616446 1.500000
-10.73830509 5.55590916 4.51884651 0.000000
-10.84019375 5.59244823 5.08605862 1.000000
-10.84505558 5.66761875 5.67604160 1.000000
-10.66916180 5.58031368 6.21595192 14.666667
-10.91168404 5.66501999 5.00527430 2.000000
-10.80223846 5.56844711 4.97990656 2.500000
-10.75580597 5.62509346 5.54443121 1.666667
-10.70997238 5.55743980 6.07938671 1.000000
-10.68789673 5.60565186 4.95001602 2.000000
-10.70671654 5.60044289 5.49220467 2.000000
-10.68534279 5.61926460 6.04834604 3.000000
-10.81393623 5.53080177 4.87873697 2.000000
-10.80811119 5.53731728 5.41433382 2.000000
-10.75277138 5.62045288 5.97429752 2.000000
-10.82547665 5.57203674 4.78691530 1.500000
-10.68436909 5.62462997 5.32760620 2.000000
-10.74733257 5.56047249 5.31200123 1.000000
-10.68723583 5.67962265 5.87860203 1.000000
-10.78792000 5.55683517 4.67214918 1.500000
-10.78824425 5.56299400 5.19840908 1.000000
-10.67629242 5.65515137 5.74444246 2.000000
-10.91991615 5.57471371 4.89823008 1.500000
-10.93173790 5.60567951 5.42206860 1.500000
-10.80599403 5.70083332 5.95650816 1.000000
-10.84493446 5.61933422 5.94000149 2.000000
-10.83712006 5.56595039 4.65105200 2.000000
-10.87103653 5.55760956 5.16234064 2.000000
-10.77798080 5.69063377 6.21927643 2.000000
-10.72562027 5.55944252 4.98526907 3.000000
-10.71108627 5.57523155 5.49331141 2.000000
-10.68031311 5.62041092 6.00960732 2.000000
-10.80853367 5.59299088 5.10529661 1.750000
-10.86311817 5.62835503 5.62579823 1.500000
-10.70109272 5.55438042 6.10701942 20.000000
-10.75160217 5.54306889 4.69228458 1.333333
-10.73207474 5.55913258 5.19283772 2.500000
-10.96651840 5.56871891 5.70962238 1.666667
-10.80283928 5.53900623 6.20406723 21.000000
-10.78095055 5.59953022 4.57787132 1.333333
-10.91117954 5.49204254 4.54606915 1.000000
-10.89350319 5.54690552 5.06107473 1.333333
-10.82415199 5.56927586 5.56761599 1.333333
-10.76156044 5.63573170 6.09028864 1.500000
-10.84335136 5.54320526 6.06283998 3.000000
-10.74166584 5.59496689 4.86579466 2.000000
-10.77558613 5.56833267 5.34457731 1.666667
-10.79022884 5.57709312 5.83888102 1.333333
-10.83314896 5.62015820 4.77291918 1.666667
-10.82805634 5.64959049 5.25549889 1.666667
-10.83277702 5.62486267 5.72882032 2.000000
-10.78583336 5.71784019 6.23032856 2.000000
-10.88438416 5.58857346 6.21003342 23.500000
-10.77144241 5.68097687 4.62839699 2.000000
-10.93564606 5.55246162 4.62120438 0.000000
-10.79582977 5.64734077 5.09222507 2.500000
-10.77195454 5.67630482 5.57084227 1.500000
-10.86362457 5.59458256 5.56581736 1.000000
-10.73005199 5.62240505 4.91015434 1.000000
-10.70173931 5.66219139 5.38302326 2.000000
-10.86259174 5.72286034 5.35540581 1.333333
-10.67668247 5.53471899 6.06671047 1.000000
-10.75356102 5.61921692 4.64933491 1.000000
-10.75966072 5.59711266 5.06295395 0.500000
-10.76089096 5.61747169 5.49091101 1.500000
-10.77280998 5.64323902 5.93054962 1.250000
-10.74757290 5.73799992 4.51929235 1.000000
-10.74437809 5.70691586 4.92030478 2.000000
-10.64468479 5.71301937 5.51842403 0.750000
-10.76516247 5.68770599 5.74303579 2.000000
-10.77192593 5.73879147 6.17736387 2.000000
-10.87108707 5.59399891 6.16683865 45.000000
-10.70995998 5.49285507 4.65167713 1.666667
-10.65243244 5.61249733 5.07011843 1.000000
-10.71035671 5.48740005 5.05247402 1.500000
-10.65109158 5.69055367 5.49210548 0.000000
-11.00496006 5.57944584 5.52699041 3.000000
-10.64495373 5.56671715 5.46352100 1.500000
-10.71811008 5.49054241 5.45893431 1.000000
-10.65042782 5.55960560 5.86960936 3.000000
-10.70039845 5.50944996 5.86715889 1.000000
-10.75026798 5.49246120 6.28528643 7.000000
-10.78108597 5.63131237 4.79256725 1.500000
-10.76465797 5.65281677 5.19183350 2.000000
-10.74298286 5.64011097 5.18555546 2.000000
-10.65847015 5.73380661 5.59242821 2.000000
-10.86623383 5.63015270 5.60286331 3.000000
-10.77986526 5.63228607 5.99284840 1.000000
-10.82711029 5.70811462 4.87347889 2.000000
-10.82797813 5.72830868 5.26699972 1.500000
-10.80629921 5.71572304 5.26049280 2.000000
-10.77942276 5.74959469 5.65305328 1.333333
-10.65623474 5.65904427 4.67816639 1.500000
-10.75593853 5.56939888 4.68864250 1.000000
-10.67358780 5.63952446 5.06380415 3.000000
-10.77205467 5.58608627 5.07918882 0.500000
-10.66742516 5.53791571 4.61976290 1.000000
-10.75407982 5.65255594 4.77863312 1.000000
-10.73593521 5.60666704 4.76940918 1.000000
