-41.46163940 -3.99822378 -0.40626806 8.000000
-41.38995361 -3.94915104 -0.07594389 255.000000
-41.35481644 -3.91759062 -0.21808356 30.000000
-41.29000092 -3.99394655 -0.18898994 17.000000
-41.34728622 -3.95570064 -0.22409296 23.000000
-41.34007263 -3.95617294 0.03117919 255.000000
-41.32414246 -3.97856712 -0.16284323 34.000000
-41.31669998 -3.96883035 0.06801504 255.000000
-41.36361694 -3.96694469 -0.38375455 21.000000
-41.35488892 -3.92357159 -0.16868895 38.000000
-41.34700775 -3.95727396 0.04650849 255.000000
-41.33724213 -3.91203427 -0.40426278 32.000000
-41.33880615 -3.94253540 -0.19211423 31.000000
-41.33205795 -3.93446922 0.01727879 255.000000
-41.31789398 -3.96170425 -0.38138938 34.000000
-41.31354523 -3.95954084 -0.18557477 37.000000
-41.34008789 -3.99274588 -0.33072078 18.000000
-41.34555054 -3.98637986 -0.13941896 24.000000
-41.31453705 -3.94310594 0.05323827 255.000000
-41.29862595 -3.96701121 -0.36324960 40.000000
-41.30337524 -3.96581531 -0.17671055 36.000000
-41.30497742 -3.96436357 0.01116687 44.000000
-41.29537582 -3.96203136 0.20031518 255.000000
-41.44140625 -3.92241526 -0.06131524 255.000000
-41.28435516 -3.93340778 0.15114748 27.000000
-41.39050674 -3.95886970 -0.39149737 36.000000
-41.39886475 -3.98004580 -0.24047762 24.000000
-41.38616562 -3.97303534 -0.09040606 212.000000
-41.38839722 -3.94028497 0.05834687 43.000000
-41.36481476 -3.93596363 -0.29835898 32.000000
-41.35115814 -3.93670893 -0.07897395 255.000000
-41.34892273 -3.93805766 0.13673860 255.000000
-41.31510162 -3.92928362 -0.33581233 25.000000
-41.29817200 -3.95530939 -0.20030296 36.000000
-41.29199219 -3.95778871 -0.06614631 255.000000
-41.30576324 -3.91362619 0.06738919 235.000000
-41.28976822 -3.93953300 0.20102674 255.000000
-41.32614136 -3.98244286 -0.30975103 36.500000
-41.31503677 -3.97885251 -0.11983836 255.000000
-41.31633759 -3.97578287 0.06818289 255.000000
-41.32489014 -3.95915699 -0.30797893 38.500000
-41.31804657 -3.96229672 -0.09218365 144.000000
-41.31955719 -3.96542931 0.12136930 149.000000
-41.33301926 -3.92293501 0.27881324 45.000000
-41.29341125 -3.93550372 -0.34221655 29.000000
-41.29193878 -3.95580578 -0.19984317 39.500000
-41.28353119 -3.96860790 0.03507078 185.333328
-41.28928757 -3.98525524 0.22068748 209.000000
-41.31372452 -3.96148181 -0.41388857 36.000000
-41.31429291 -3.96564054 -0.23215979 40.500000
-41.31263733 -3.99340582 -0.04973286 186.500000
-41.32006836 -3.98922706 0.12735307 134.000000
-41.45067215 -3.93383741 -0.35610843 35.000000
-41.44592667 -3.92876196 -0.22430563 39.000000
-41.45436478 -3.92939329 -0.05197287 148.500000
-41.45045853 -3.96224928 0.07845676 48.000000
-41.44975662 -3.94183064 0.20615441 149.500000
-41.32426071 -3.98011065 -0.35102320 38.500000
-41.32589722 -3.96858048 -0.22710317 33.000000
-41.31642532 -4.02455187 -0.14095479 31.000000
-41.32622528 -3.97770166 -0.06179476 44.000000
-41.31853104 -3.98828316 0.06208807 140.000000
-41.31223679 -4.01298666 0.18513858 90.000000
-41.33442688 -3.96650648 -0.32381606 15.500000
-41.32891464 -3.95230126 -0.29817343 16.000000
-41.30084610 -3.95948052 -0.13004011 149.000000
-41.30939865 -3.96574950 0.05207103 83.000000
-41.31711578 -3.98569345 0.23354781 134.000000
-41.44786072 -3.97983027 -0.48930883 31.000000
-41.45192337 -3.94840860 -0.34934098 18.000000
-41.43222809 -3.94706178 -0.16925174 131.166672
-41.43321991 -3.96929789 0.04045957 107.000000
-41.35271835 -3.98031378 -0.20272541 25.333334
-41.33276749 -3.92199469 0.00359714 39.333332
-41.33717728 -3.97428894 -0.02788687 140.000000
-41.32246017 -3.93506026 0.20577896 188.666672
-41.33190536 -3.95975327 0.33655512 32.000000
-41.31438065 -3.95763969 -0.25657612 14.750000
-41.29148102 -3.97140193 -0.07541424 154.750000
-41.30006409 -3.96177864 0.09261727 76.833336
-41.29520035 -3.95879698 0.24527764 138.250000
-41.35065842 -3.98023105 -0.42870140 13.000000
-41.33632660 -3.98356509 -0.30146420 24.500000
-41.32822418 -3.99520779 -0.13910162 65.333336
-41.31398010 -3.97427917 -0.05933177 146.399994
-41.30838394 -3.98837042 0.11483246 135.500000
-41.30567551 -4.02259731 -0.39603728 26.000000
-41.29755402 -3.98871946 -0.24969143 27.250000
-41.29280853 -3.99443722 -0.06735104 100.666656
-41.29639816 -4.01802158 0.11792260 12.000000
-41.28339005 -3.97606754 0.18195391 115.000000
-41.29039764 -3.98641777 -0.46414709 33.000000
-41.30191422 -4.05947495 -0.45658839 30.000000
-41.29029846 -3.98332047 -0.38069713 21.500000
-41.30003357 -4.04344988 -0.33357936 36.750000
-41.28820801 -4.03657866 -0.14818871 105.333344
-41.29512787 -3.96747947 -0.12143660 28.833334
-41.28776550 -3.96064425 0.04521698 67.000000
-41.29453278 -3.91685557 0.23874623 25.000000
-41.30162048 -3.97716451 0.38834232 33.000000
-41.33035660 -3.91364169 -0.22849625 24.000000
-41.32104492 -3.98160791 -0.19040531 60.000000
-41.30918503 -3.91540885 -0.00889385 21.000000
-41.28730392 -3.96691990 -0.02245748 149.857147
-41.29697037 -3.95412540 0.17589062 82.099998
-41.28791428 -3.93497467 -0.15288728 13.333333
-41.35274887 -3.93365049 -0.26106292 31.500000
-41.36940384 -4.01188993 -0.21515977 91.500000
-41.36952209 -3.91671848 -0.12830281 10.000000
-41.35272598 -3.97676444 -0.01237845 44.454544
-41.34688187 -3.97931600 0.16489875 95.857140
-41.31429291 -3.94768405 0.14928058 201.000000
-41.45391464 -3.95024943 -0.05870801 25.750000
-41.46132278 -3.98902130 0.00142765 15.000000
-41.44983673 -3.98489594 0.14825243 46.750000
-41.43811035 -3.97856259 0.32042187 115.400002
-41.31945038 -4.02010155 0.12078679 7.000000
-41.28433228 -3.97361517 0.32997787 7.500000
-41.33983994 -3.96016502 0.15689024 51.071430
-41.37233353 -3.93321085 0.23212636 12.500000
-41.38564682 -3.92888808 0.34057361 21.428572
-41.39774704 -4.09708786 -0.13320148 255.000000
-41.51334381 -4.06848526 -0.35026491 6.000000
-41.38362885 -4.02871323 -0.19302574 12.000000
-41.35105896 -3.98991823 -0.22853255 33.000000
-41.33491516 -3.99199438 -0.21515644 30.000000
-41.31375122 -3.97546721 0.25034630 255.000000
-41.37547302 -4.01064014 -0.27865124 33.000000
-41.37487793 -3.97314692 -0.05812097 223.000000
-41.38243866 -3.97285652 0.16364121 255.000000
-41.37164307 -3.98281336 -0.40569896 31.000000
-41.36776352 -4.01872301 -0.19189996 26.000000
-41.37280655 -3.97827029 0.02078062 37.000000
-41.36203766 -3.97364616 0.23620063 255.000000
-41.30870438 -3.99713206 -0.35830694 30.000000
-41.30426025 -4.03919315 -0.15793842 21.000000
-41.28925323 -3.98034716 0.24569863 255.000000
-41.41740799 -3.99248481 -0.27803040 27.000000
-41.40212631 -3.99829817 -0.08275962 40.000000
-41.39540482 -4.00511885 0.11314106 255.000000
-41.41678619 -3.98128939 0.30788493 26.000000
-41.34828186 -3.98701501 -0.33419847 30.000000
-41.35197067 -3.99565816 -0.15796232 30.000000
-41.35223389 -3.97120762 0.02011728 101.000000
-41.35400009 -3.97810388 0.19804549 29.000000
-41.31550217 -3.98055100 -0.36223173 24.000000
-41.31532288 -4.00931835 -0.20798695 30.000000
-41.31169891 -3.99528980 0.02471721 29.500000
-41.39431381 -3.98319554 -0.29724991 28.000000
-41.38733292 -4.00504398 -0.14706910 34.000000
-41.39234543 -4.00032854 0.00076067 28.000000
-41.39358902 -3.98331308 0.22172606 27.000000
-41.36322784 -3.98854923 -0.46504128 27.000000
-41.37495422 -3.98902655 -0.33696437 34.000000
-41.36335754 -3.99840117 -0.14058638 147.000000
-41.35746002 -3.98409224 0.05461526 255.000000
-41.35792160 -4.00751495 0.18351054 255.000000
-41.35028076 -3.97869539 -0.21947068 30.000000
-41.33529282 -3.96527767 0.02951115 255.000000
-41.35213852 -3.96611953 0.21354651 113.000000
-41.34869385 -3.96410799 0.33715177 42.000000
-41.35248947 -3.95396137 -0.24613881 26.000000
-41.35022354 -3.96259379 -0.07801020 33.000000
-41.34621811 -3.97061777 0.14499044 147.500000
-41.33495331 -3.96846747 0.31208134 255.000000
-41.34806061 -4.00510120 -0.35392177 32.000000
-41.35389709 -4.00184107 -0.24883056 31.000000
-41.35520935 -3.98040819 -0.14384639 35.000000
-41.33489227 -3.98437142 0.01605237 255.000000
-41.35740662 -3.98088312 0.22275132 136.500000
-41.28356934 -3.99245596 -0.34497106 37.000000
-41.36975098 -3.98005533 -0.31654119 36.500000
-41.36419678 -3.99606371 -0.09581327 182.666672
-41.36259079 -3.98726130 0.12098825 141.500000
-41.37208557 -3.98550940 0.24959049 45.000000
-41.30209732 -3.99476743 -0.32559991 33.500000
-41.30194092 -4.00543308 -0.11425543 127.666656
-41.29341125 -4.00401306 0.09515214 148.500000
-41.30128479 -3.99961019 0.25917900 141.000000
-41.29560089 -3.97379994 -0.28660387 33.500000
-41.29911804 -3.97436380 -0.16822302 32.000000
-41.28875732 -3.98833752 -0.04906195 148.000000
-41.29043579 -3.97463179 0.14364004 173.000000
-41.28870392 -3.96157908 0.29653585 255.000000
-41.51013565 -4.09425020 -0.49653083 12.000000
-41.41902924 -3.91458321 -0.29085666 9.000000
-41.38838959 -3.96760130 -0.31796187 32.000000
-41.39454651 -3.91708350 -0.21531802 11.000000
-41.39012146 -3.96627593 -0.14807081 39.000000
-41.36790848 -3.94482279 0.05700523 183.333328
-41.39310074 -3.92090297 0.31279552 20.000000
-41.37198639 -3.93554378 0.21870953 149.000000
-41.45552826 -3.95029330 -0.35293287 10.000000
-41.42582703 -3.95446134 -0.21392930 14.000000
-41.42706680 -4.02849007 -0.21555299 21.666666
-41.41542435 -3.95468283 0.00972456 97.000000
-41.40475845 -4.02164984 -0.02024788 202.333328
-41.42299271 -3.95139861 0.13157916 131.500000
-41.41852951 -4.02224398 0.13110197 120.500000
-41.41454315 -3.95471215 0.25467151 138.000000
-41.41194534 -4.01950836 0.25374633 127.500000
-41.41100693 -3.93980050 -0.25578862 28.000000
-41.41217804 -4.01821566 -0.26031989 16.500000
-41.38566208 -3.93920588 -0.09323543 56.250000
-41.39041519 -4.02421570 -0.09936243 93.750000
-41.39840698 -3.93644953 0.10091269 35.250000
-41.39492798 -4.00664711 0.09749216 99.500000
-41.38481522 -3.94324732 0.27048001 105.000000
-41.39116287 -4.00655699 0.26510087 97.000000
-41.51915359 -4.03062916 -0.19167536 74.777779
-41.50679398 -4.03156853 0.00697798 134.500000
-41.37570572 -3.99860072 -0.10486341 42.599998
-41.37014389 -4.02756214 0.09044790 151.000000
-41.34933853 -3.97446728 0.13611364 90.500000
-41.37979126 -4.03198910 0.23519701 16.000000
-41.37792206 -3.95514822 0.24047297 4.000000
-41.30725479 -4.05274677 -0.06501913 68.000000
-41.31822968 -4.04671955 -0.02653939 25.000000
-41.30513000 -4.04404783 0.07624233 118.000000
-41.32574844 -3.98025084 0.16836190 10.333333
-41.31257248 -4.03026581 0.15402159 22.000000
-41.35321808 -3.98891139 0.20766795 28.266666
-41.40886307 -3.99278760 0.27721310 7.000000
-41.29740143 -4.02950668 -0.00564969 36.000000
-41.29660797 -4.01329517 -0.18762445 8.000000
-41.32764435 -3.96382427 -0.40509170 31.000000
-41.46120834 -3.94185829 -0.34459108 30.000000
-41.43227768 -3.94151306 0.26420420 255.000000
-41.30358124 -3.98668003 -0.42463320 29.000000
-41.36405945 -3.97145176 -0.50420952 10.000000
-41.41216278 -3.93220234 0.05905035 255.000000
-41.37584305 -3.93228865 -0.12902907 255.000000
-41.29496384 -3.93203402 -0.46669114 21.000000
-41.28871918 -3.98353028 -0.49527174 15.000000
-41.30322266 -3.98427153 -0.44675958 24.000000
-41.28620911 -3.96385717 0.03397226 255.000000
-41.28836060 -3.97354650 -0.47380465 34.000000
-41.28973770 -3.98723936 -0.14830443 255.000000
-41.31620789 -3.94339943 -0.08926058 255.000000
-41.43053436 -3.92705870 -0.35241878 16.000000
-41.34004974 -3.92042732 -0.24866468 26.000000
-41.38889313 -3.92998838 -0.21649039 22.000000
-41.32007599 -3.94486427 -0.48527843 12.333333
-41.33884430 -3.95093155 -0.18729287 31.000000
-41.32462692 -3.94444752 0.20284623 255.000000
-41.43711853 -3.91838026 -0.24225849 32.000000
-41.31919861 -3.94099188 -0.21644098 38.000000
-41.29100418 -3.95537376 -0.28093559 33.000000
-41.30436325 -3.94135618 -0.24575847 28.000000
-41.28941345 -3.96389866 0.09733611 80.000000
-41.29979706 -3.93164754 0.24018937 43.000000
-41.39526367 -3.92316103 0.06255680 255.000000
-41.31864166 -3.99087119 -0.29183218 23.000000
-41.30228424 -3.94955969 0.01224044 255.000000
-41.40984344 -3.92616796 -0.36928129 20.500000
-41.34809875 -3.94682860 -0.07383722 135.000000
-41.46367264 -3.97818327 -0.46212548 10.000000
-41.47846985 -3.92828226 -0.37186092 24.500000
-41.45454407 -3.94717503 -0.12013656 255.000000
-41.37174225 -3.97504282 -0.44326746 23.000000
-41.36544800 -3.95261335 -0.19566870 37.000000
-41.34848022 -3.95136571 0.05215669 255.000000
-41.33563995 -3.96792889 -0.39472622 27.000000
-41.32856750 -3.93311262 -0.04919881 139.000000
-41.35486603 -3.94612026 -0.13595819 35.000000
-41.34323120 -3.94190669 0.20507407 255.000000
-41.37507629 -3.96404839 -0.16946536 19.000000
-41.34667206 -3.91888261 0.04598349 255.000000
-41.33779144 -3.94994497 -0.40328336 27.000000
-41.33765793 -3.92752528 0.22729778 41.000000
-41.31821442 -3.97819901 -0.28362823 16.000000
-41.30498505 -3.94655085 0.10848832 230.500000
-41.33357239 -3.95467424 -0.23549068 68.500000
-41.32260895 -3.95640850 0.14909804 145.000000
-41.32374954 -4.00271845 -0.36569422 16.000000
-41.31665421 -3.93255115 -0.08377534 22.500000
-41.32060242 -4.00076914 -0.17802888 11.000000
-41.29390717 -3.92865610 0.20023030 255.000000
-41.49131775 -3.94089770 -0.52106565 10.833333
-41.46773148 -4.10165930 -0.46330357 8.666667
-41.33692932 -3.91495585 -0.46173251 17.000000
-41.39481354 -3.93648005 -0.16707295 106.750000
-41.38727570 -3.95709562 0.13436604 31.500000
-41.36494446 -3.96846938 -0.29881138 29.250000
-41.35924530 -3.96818352 0.06383055 225.500000
-41.38478470 -3.96241331 -0.34579813 23.250000
-41.31401062 -3.95610952 -0.20210361 26.500000
-41.30163574 -3.95968437 -0.00030017 255.000000
-41.29954529 -3.95585227 0.20005286 226.000000
-41.46519470 -4.02935648 -0.39451152 13.294117
-41.48500443 -3.92488837 -0.52354836 11.555555
-41.33588791 -3.98138523 -0.37411475 25.833334
-41.32383347 -3.97713900 0.00485831 255.000000
-41.32844162 -3.95551038 0.17364460 114.222221
-41.33716965 -4.01050234 -0.39664078 21.700001
-41.29142380 -3.94824123 -0.05995220 111.716660
-41.28522873 -3.94397616 0.21982914 255.000000
-41.30130768 -4.05011225 -0.33664757 15.795454
-41.30551529 -3.93606853 0.03610694 174.750000
-41.30392075 -3.97651243 0.08350134 180.333328
-41.46013641 -3.95347190 -0.31358063 26.468750
-41.34032059 -3.94637203 -0.31428009 61.067772
-41.37213135 -4.05049896 -0.48399836 14.000000
-41.32294846 -3.96673179 0.06048137 143.750000
-41.31225586 -3.96863890 -0.24383062 78.113327
-41.30931473 -3.95738983 0.12395889 122.569992
-41.42755127 -3.94845510 -0.23884815 156.559998
-41.42857361 -3.92875361 0.03700316 112.900002
-41.34188080 -3.96218753 -0.27097678 36.325653
-41.32659149 -3.93809104 0.10567194 146.933334
-41.33433914 -3.92445731 0.33449772 37.599998
-41.29571533 -3.96687150 -0.22022176 76.504395
-41.28635406 -3.96193409 0.15581179 134.080002
-41.37080765 -4.02261734 -0.40303677 42.985645
-41.32350159 -4.00909901 -0.14709210 153.750000
-41.30749130 -3.98613834 -0.00009930 168.923813
-41.28898239 -4.01904297 -0.13317287 64.199997
-41.50888443 -3.95889878 -0.21790439 9.500000
-41.29063797 -3.95892644 -0.09113729 161.801025
-41.29625702 -3.95270252 0.17571771 144.657135
-41.34549332 -3.97774148 -0.23103237 129.687775
-41.34492874 -3.97381163 0.05356961 141.357452
-41.42723465 -3.98755217 0.01581711 205.500000
-41.43010712 -3.93055773 0.22012645 118.951660
-41.43101883 -3.97399664 0.25047553 183.431244
-41.40335846 -3.92584109 0.29276586 198.375000
-41.40859222 -3.96543336 0.31125581 255.000000
-41.36917496 -3.97396660 -0.06871289 5.500000
-41.34210968 -3.95953989 0.16771406 123.484154
-41.38546753 -3.91992044 0.34331340 48.471073
-41.36664581 -3.95309544 0.24569726 0.000000
-41.42880630 -3.97010612 -0.21904129 18.000000
-41.39319611 -3.97106171 -0.35335356 18.000000
-41.37818909 -3.99855423 0.00965172 255.000000
-41.34306717 -4.08043861 -0.02983904 125.000000
-41.42572784 -4.02423668 -0.18299872 136.500000
-41.39822388 -4.02920532 -0.11096931 12.000000
-41.44480133 -4.04474449 -0.13774645 133.500000
-41.47260666 -3.99572563 -0.11948740 142.500000
-41.48388672 -3.97468758 -0.48245162 21.000000
-41.49420547 -3.95388794 0.04178363 54.000000
-41.30550385 -4.02056885 -0.33326268 12.000000
-41.33494568 -4.03833961 0.19834352 255.000000
-41.34278107 -4.06457520 -0.05191559 255.000000
-41.43888474 -4.02389908 0.07034361 153.500000
-41.33759308 -4.01944923 -0.35423386 15.000000
-41.33870697 -3.99883842 0.18335330 83.000000
-41.40476227 -4.01489830 -0.31360269 20.000000
-41.51131439 -4.02452850 0.00177085 171.000000
-41.43440628 -3.99657440 -0.13264519 136.500000
-41.32345581 -4.07061768 -0.37444705 6.000000
-41.32271957 -3.98240852 0.18871671 26.000000
-41.32799530 -3.98398399 0.26132083 5.000000
-41.43945313 -4.02252007 0.06072521 0.000000
-41.31996155 -4.02907181 0.03285617 1.000000
-41.43637085 -4.01712227 0.04159182 185.000000
-41.42504120 -4.03712845 -0.35791957 8.000000
-41.44884872 -4.02252579 -0.44441080 6.000000
-41.47937393 -4.01999283 0.02912235 28.000000
-41.36536407 -4.07857132 -0.33616620 13.000000
-41.49510956 -4.02516174 -0.04101473 36.000000
-41.40762711 -4.04174805 0.05525982 41.000000
-41.43013000 -4.02118683 -0.43330485 21.000000
-41.46123505 -3.99924088 -0.33377457 5.000000
-41.41846848 -4.01406860 -0.45521772 19.000000
-41.35695648 -3.99696350 0.17460883 133.500000
-41.30942154 -4.01494980 0.16284877 19.000000
-41.40474319 -3.93171310 -0.23329759 11.000000
-41.43066025 -4.05438614 0.10787123 7.000000
-41.42346191 -4.01773071 0.13774753 129.000000
-41.30481339 -3.96308899 0.07464975 134.000000
-41.33128357 -4.02640915 -0.22999322 2.000000
-41.28555679 -4.02123642 0.10622716 8.000000
-41.44649124 -4.02048111 0.13835323 255.000000
-41.34802246 -4.01536942 0.07517588 2.000000
-41.48210526 -3.97157669 0.25094450 3.000000
-41.45373535 -3.98260880 0.38486820 13.000000
-41.43008804 -4.00128174 -0.33174396 23.000000
-41.35633850 -4.05347443 0.07049310 255.000000
-41.42966843 -3.93864822 -0.38411033 19.000000
-41.33437729 -3.93784714 -0.43999380 13.000000
-41.33725739 -4.06505585 0.10605454 255.000000
-41.44038391 -4.05111313 0.19569170 67.000000
-41.38251495 -4.04220200 -0.44126332 23.000000
-41.45944595 -4.01220322 0.14974689 66.000000
-41.40157318 -4.00281525 -0.10508335 21.000000
-41.35533142 -4.05348206 0.21752977 17.000000
-41.38054657 -4.03396988 -0.23428035 255.000000
-41.35231781 -4.01054382 0.00718319 15.000000
-41.51057053 -3.99001312 0.04498184 255.000000
-41.32044601 -4.04255676 0.16001350 228.000000
-41.32392502 -4.03849411 -0.13780338 145.000000
-41.36609268 -3.97811508 -0.45105243 20.000000
-41.32398987 -4.08800507 -0.32262087 13.000000
-41.42220306 -4.02049255 -0.21106464 112.000000
-41.34541321 -4.02005005 0.15611130 17.000000
-41.50079727 -3.96355820 0.19913012 255.000000
-41.37810516 -4.04719925 0.00992614 128.000000
-41.45997620 -4.03372574 -0.48986167 18.000000
-41.45264816 -3.96664429 -0.28280181 16.000000
-41.35812378 -4.06753159 -0.13132274 255.000000
-41.43115234 -3.92165375 -0.48118341 4.000000
-41.32213974 -4.02379608 0.10668844 17.000000
-41.48162079 -4.01904678 0.14498276 255.000000
-41.33872223 -3.99673080 -0.07224828 9.000000
-41.49657059 -3.97621536 -0.03099412 255.000000
-41.39590836 -4.03382111 -0.13765776 106.000000
-41.28886414 -4.02608109 -0.03983206 116.500000
-41.30920410 -4.04639816 0.05067223 134.000000
-41.29391861 -4.03786087 -0.00251019 15.000000
-41.45491409 -4.01707458 0.02463132 255.000000
-41.49279022 -3.98685074 0.13650948 21.000000
-41.48480606 -3.96607971 -0.11726749 139.000000
-41.28102493 -4.08051682 0.09689736 255.000000
-41.47966766 -4.02117920 0.05771923 128.000000
-41.49325180 -3.93909073 0.02103949 28.500000
-41.32503128 -4.01081848 0.00962245 4.000000
-41.48551941 -3.99115753 0.20769721 9.000000
-41.36108780 -4.05806351 -0.17424268 244.000000
-41.38995361 -4.01868057 -0.26162517 19.000000
-41.36222458 -4.00845337 -0.04808837 21.000000
-41.39050293 -3.98004150 -0.22301716 21.000000
-41.37857056 -4.05794907 -0.16531277 255.000000
-41.44889450 -4.02969742 0.32504022 138.500000
-41.29668427 -4.00555801 -0.15795088 10.000000
-41.45273590 -4.03488159 -0.11488223 255.000000
-41.47142792 -4.04807663 -0.11075824 255.000000
-41.51791382 -4.05031586 0.34554857 255.000000
-41.30033493 -4.05852509 0.16772479 255.000000
-41.33515549 -4.06514359 0.05008543 255.000000
-41.38230133 -4.04167175 -0.07462561 255.000000
-41.40990067 -4.03665543 -0.18224788 237.000000
-41.36087036 -4.06097031 0.14057285 255.000000
-41.38520050 -3.91833115 -0.49003160 17.000000
-41.37291718 -4.03804779 0.20455605 255.000000
-41.36241531 -4.02158737 -0.22423238 21.000000
-41.37998581 -4.02898788 0.03953618 77.000000
-41.39949036 -4.07715988 -0.20647281 255.000000
-41.50888062 -4.05989456 -0.02138960 255.000000
-41.48510361 -4.00987625 -0.21833026 19.000000
-41.53405762 -4.08597946 0.01928550 255.000000
-41.44500732 -4.06127167 -0.51508462 16.000000
-41.32300949 -4.05207062 0.11160779 255.000000
-41.34613800 -4.04904556 0.01670980 255.000000
-41.38204193 -4.09921646 0.23740762 255.000000
-41.28754425 -4.04632568 0.08329314 255.000000
-41.52338028 -4.10670853 -0.24580240 3.000000
-41.29032516 -4.02528381 -0.02580416 255.000000
-41.35854721 -4.09484100 -0.15974128 15.000000
-41.30457306 -4.02367020 -0.27341270 255.000000
-41.36618805 -4.06520462 -0.03678429 255.000000
-41.40177917 -4.01536942 -0.45034575 21.000000
-41.40995789 -4.01796341 -0.35576296 20.000000
-41.34823608 -3.96168900 -0.36191285 21.000000
-41.36831665 -3.98212051 -0.42031348 23.000000
-41.30746841 -4.04569626 -0.17229509 255.000000
-41.40021515 -4.07733536 0.21725643 255.000000
-41.30424881 -4.01471710 -0.13167179 255.000000
-41.42262650 -4.06153870 -0.27859461 18.000000
-41.29567337 -3.98735809 -0.17516601 103.000000
-41.32050323 -4.02332306 0.08051050 255.000000
-41.38251114 -4.09000778 -0.07620180 255.000000
-41.33209229 -4.03960419 0.06306815 255.000000
-41.37235260 -4.05080795 0.19389969 104.000000
-41.46502686 -4.10592270 0.04728293 16.000000
-41.40938568 -4.08146286 0.14931923 112.000000
-41.45358276 -4.00113297 -0.30680418 19.000000
-41.41261292 -4.06089020 -0.08811772 21.000000
-41.32460022 -3.96553802 -0.19930792 13.000000
-41.34851074 -3.97961044 0.22291529 27.000000
-41.42116928 -3.92786407 -0.43552661 3.000000
-41.46889496 -4.10726547 -0.44047642 5.000000
-41.51301956 -4.11616898 0.17836404 2.000000
-41.43208313 -4.11019516 0.26226985 1.000000
-41.45854950 -4.09215546 0.26757133 3.000000
-41.44303894 -4.08127975 -0.04654276 135.000000
-41.38159180 -4.02220154 -0.12952447 6.000000
-41.50136566 -4.11787796 -0.05889511 118.000000
-41.47210693 -4.11688232 0.01759815 255.000000
-41.34126282 -4.04879761 -0.05381274 255.000000
-41.46355438 -4.11435699 -0.15168196 255.000000
-41.40732193 -4.08693314 -0.28446293 99.000000
-41.42732620 -4.10646057 -0.16450024 255.000000
-41.36853790 -4.04962540 -0.15365922 38.000000
-41.52153778 -4.08108902 -0.51741767 23.000000
-41.43414307 -4.07324600 -0.29672050 19.000000
-41.40980148 -4.06880951 -0.53812873 15.000000
-41.40695190 -4.07289124 -0.22510475 19.000000
-41.43124390 -4.02269745 -0.35001057 19.000000
-41.39149475 -4.09954834 -0.27021897 255.000000
-41.38209534 -4.08447266 0.05808449 255.000000
-41.38975143 -4.07245636 0.00399745 139.000000
-41.39358902 -4.03728485 -0.26829815 20.000000
-41.43557358 -4.09909439 -0.07485640 255.000000
-41.40871429 -4.07940292 -0.20747226 255.000000
-41.47900772 -4.02696991 -0.50236630 4.000000
-41.47582245 -4.11074066 -0.10635614 44.000000
-41.49806976 -4.12139893 0.30785942 7.000000
-41.41646576 -4.09123993 0.07500029 255.000000
-41.46478271 -4.08618546 0.02958119 16.000000
-41.29697037 -4.01779556 -0.13246047 50.000000
-41.41172409 -4.09414291 0.17245495 122.000000
-41.48463440 -4.09170532 0.19513667 5.000000
-41.37390900 -4.07231140 -0.17782629 4.000000
-41.41949081 -4.08404160 -0.12679517 45.000000
-41.34613037 -4.00215530 -0.15329766 6.000000
-41.41671753 -4.07639694 0.26474416 255.000000
-41.30581284 -3.99316406 -0.16246080 6.000000
-41.28942108 -4.03548050 -0.34433722 54.000000
-41.52962875 -4.06010437 -0.55467308 20.000000
-41.51923370 -4.06547928 -0.44541705 7.000000
-41.32106400 -4.01559067 -0.13492212 19.000000
-41.36198044 -4.07770157 -0.20238584 20.000000
-41.29119110 -3.99120712 -0.48585281 9.000000
-41.52584076 -4.05542755 -0.52148312 3.000000
-41.35310745 -3.91550827 0.08657393 4.000000
-41.38405609 -4.01944733 -0.11855401 16.000000
-41.30312347 -3.97457123 -0.24449389 7.000000
-41.31375885 -4.03145790 -0.20331247 11.000000
-41.30854797 -3.99123764 -0.44873962 134.000000
-41.28623962 -4.05502510 -0.05018683 143.000000
-41.42530823 -4.00210762 -0.41997385 3.000000
-41.35806274 -4.07682800 -0.25828177 20.000000
-41.30202103 -4.04590416 -0.53591400 23.000000
-41.33651352 -4.07481766 -0.05522885 255.000000
-41.30295181 -4.00752449 -0.12554868 15.000000
-41.35457611 -4.06004190 0.08779646 255.000000
-41.34822845 -4.07517338 -0.17560144 9.000000
-41.46696091 -4.01402617 -0.35895920 2.000000
-41.40174103 -3.97823453 0.14141548 109.000000
-41.31424332 -4.08432961 0.18719745 125.000000
-41.29522705 -4.04084396 -0.10107376 10.000000
-41.30984497 -4.02772713 -0.10479995 5.000000
-41.30739975 -4.04485989 -0.11692420 6.000000
-41.36838531 -3.97442007 0.28222290 194.000000
-41.29312134 -4.06638527 0.00262848 20.000000
-41.38343811 -4.06189156 -0.21806622 31.000000
-41.39993286 -4.02830505 0.28590870 40.000000
-41.28284836 -4.07295799 -0.06313527 148.000000
-41.38399887 -4.05749416 -0.38371837 19.000000
-41.36034393 -4.04450512 0.00764239 255.000000
-41.38330078 -4.03773880 -0.40162766 16.500000
-41.36071777 -4.05612087 -0.02782047 209.000000
-41.31665802 -4.04607725 -0.17374611 21.000000
-41.30480957 -4.03592062 0.17035079 255.000000
-41.52639008 -4.08415699 -0.43772829 10.000000
-41.36607742 -3.99928761 -0.09960449 255.000000
-41.36204529 -4.00021839 0.22897136 255.000000
-41.40771103 -3.98971295 -0.33249027 31.000000
-41.39153671 -3.98121977 -0.00766021 255.000000
-41.40547943 -3.97639537 0.31876677 207.000000
-41.43290710 -4.01416540 -0.25539237 30.000000
-41.42240524 -4.02832794 0.05253953 39.000000
-41.33561707 -3.91809082 -0.22022605 19.333334
-41.31393433 -3.98861456 0.23571610 49.000000
-41.31827545 -4.01665783 -0.15022707 32.000000
-41.30855560 -4.00565815 0.12053800 255.000000
-41.35772705 -4.03593063 -0.22958016 16.000000
-41.34086990 -4.00431395 0.15382528 234.250000
-41.30961990 -4.00959206 0.13261116 149.000000
-41.37685394 -4.03999281 -0.16895795 130.250000
-41.36243439 -4.00869226 0.16388321 255.000000
-41.38663864 -3.98383975 -0.30029482 24.000000
-41.37118530 -4.01375866 0.12869483 141.500000
-41.33298874 -4.06081676 -0.47602689 11.333333
-41.30058289 -4.03197002 -0.35914737 29.000000
-41.30478287 -4.00856018 0.04419285 241.000000
-41.40981293 -4.02958107 -0.18186021 26.000000
-41.40715790 -4.01020384 0.20963335 145.500000
-41.29803467 -4.01319504 -0.31954205 10.500000
-41.35954666 -4.03147221 -0.24888444 20.250000
-41.34885025 -4.01284504 0.10766554 111.750000
-41.29618454 -4.02093029 -0.30843437 11.000000
-41.31882477 -3.99568057 -0.23127955 98.000000
-41.31619263 -4.00036478 -0.05311525 25.500000
-41.43503189 -3.91872597 -0.45202339 11.428572
-41.37928009 -4.00993633 -0.36934578 26.928572
-41.40491867 -3.99324679 -0.14926362 20.833334
-41.38564682 -3.98244166 0.22212064 29.500000
-41.37695313 -3.98986959 -0.46684873 21.250000
-41.41211700 -4.01491785 -0.27677995 79.875000
-41.36783218 -3.96261311 0.11855125 201.000000
-41.34726334 -3.97236395 0.18394434 255.000000
-41.33863449 -3.98180270 -0.27997494 24.156862
-41.34946060 -3.96634054 0.08999062 184.333328
-41.35860825 -3.94325233 0.33660316 24.000000
-41.35013199 -3.96710253 -0.18981004 23.083334
-41.35025787 -3.96614957 0.19996446 155.583328
-41.35398865 -4.03471375 -0.40826118 18.788462
-41.36876678 -3.99929023 -0.19834864 20.250000
-41.35064697 -3.98374939 -0.03834653 179.666672
-41.34551620 -3.97999525 0.22368291 144.666672
-41.34497452 -4.07910681 -0.40490305 20.475000
-41.28609848 -3.98960233 -0.06408274 120.066673
-41.35695267 -3.91967678 -0.40213192 19.463392
-41.37432480 -3.98142266 -0.01077086 125.190002
-41.38182068 -3.97573161 0.24859616 33.333332
-41.30923080 -3.99787998 -0.03243458 104.680008
-41.30085754 -3.99776340 0.25918266 134.750000
-41.36002350 -4.05036116 -0.22467750 20.830002
-41.29632568 -3.98765326 -0.08958572 108.000000
-41.29679108 -3.99289370 0.18070912 173.187500
-41.29255676 -4.03914261 -0.28823358 74.776001
-41.42398071 -4.06962299 -0.36723846 31.283155
-41.39176559 -3.91866541 -0.03588575 97.000000
-41.37888718 -3.95544338 -0.04523575 110.583344
-41.38961411 -3.91798282 0.21653813 134.500000
-41.37867737 -3.95652390 0.24933708 111.099998
-41.34083557 -3.97974253 -0.41245943 33.344074
-41.40498352 -3.99185491 -0.11448622 144.557144
-41.40635681 -3.98724866 0.19456732 150.099991
-41.35942078 -4.07161951 -0.41334128 14.419544
-41.31884766 -3.96686077 -0.37607354 37.927757
-41.38641357 -3.97555065 0.00294131 137.777969
-41.38479233 -3.97658348 0.26825100 133.166672
-41.50191879 -4.01686621 -0.47500700 76.050003
-41.50845337 -4.03460360 -0.10492808 188.664276
-41.52408981 -4.02385330 0.11218959 68.000000
-41.36854553 -4.00145769 -0.10181618 135.939438
-41.36058807 -4.00073099 0.13176590 177.243637
-41.29668045 -4.04966784 -0.06008470 171.000000
-41.33102036 -4.00685120 0.05687717 42.933334
-41.31254196 -4.03613758 -0.00983977 69.416664
-41.29456711 -3.99148846 0.06578305 124.492722
-41.28669739 -4.03250742 0.05099136 217.500000
-41.35596085 -3.98920631 0.21260214 107.044022
-41.29761124 -3.99802136 0.23252901 2.000000
-41.36978912 -4.03927612 -0.03303653 12.000000
-41.32821655 -4.02697182 -0.31479108 9.000000
-41.50421524 -4.02190781 -0.12013865 129.000000
-41.35451508 -4.06968689 0.03162974 139.000000
-41.42308807 -4.06479263 0.04224378 21.000000
-41.40724182 -4.01084518 0.02285975 2.000000
-41.32439804 -4.03616714 -0.01189679 12.000000
-41.35148621 -4.04493713 -0.16853446 130.000000
-41.39115524 -4.03750610 -0.03886157 132.000000
-41.39355469 -4.03761673 0.11033839 255.000000
-41.50857925 -4.02130890 0.09664088 12.000000
-41.38623047 -4.01350403 0.20298046 5.000000
-41.45208740 -4.02591324 0.10617888 255.000000
-41.47773361 -3.95748138 -0.37096536 18.000000
-41.38809204 -4.02934265 0.14513868 145.500000
-41.34026718 -4.03803253 0.14140379 17.000000
-41.42949677 -4.02791214 0.24125564 3.000000
-41.42733002 -4.02896500 0.13794541 255.000000
-41.43488312 -4.03092194 0.10307139 255.000000
-41.38994598 -4.02725220 0.07028955 203.000000
-41.38216782 -4.04201889 0.19100684 55.000000
-41.49674606 -4.04653931 -0.49837410 11.000000
-41.40304565 -3.94670486 -0.38790804 13.000000
-41.51201630 -4.02595139 0.18204862 21.000000
-41.51689911 -4.01612091 -0.02639222 40.000000
-41.46160507 -4.03594589 -0.10840034 255.000000
-41.46039581 -4.02552414 -0.20181525 123.000000
-41.38848877 -4.03211975 -0.18374091 12.000000
-41.41377258 -4.04256821 -0.17171133 120.000000
-41.43178177 -3.99282455 -0.20167214 2.000000
-41.46115494 -4.04409790 0.02790040 255.000000
-41.52194214 -4.03338623 0.00579560 255.000000
-41.41330719 -4.01262665 0.05944270 43.000000
-41.46944046 -3.99251556 -0.43980938 20.000000
-41.32519913 -4.03975296 0.08324784 255.000000
-41.33979416 -4.03833771 -0.11804712 140.500000
-41.45067978 -3.95815277 0.23980319 1.000000
-41.45891953 -4.00994873 -0.25703180 9.000000
-41.46469879 -3.91702652 -0.34331137 16.000000
-41.42184448 -4.04371262 -0.14766037 255.000000
-41.42952347 -4.04253769 -0.08634412 255.000000
-41.40616989 -4.04958344 -0.00719237 255.000000
-41.44313812 -4.04492188 -0.12924355 112.000000
-41.47096252 -3.98349380 -0.33331937 21.000000
-41.51888657 -4.00317764 0.16113579 78.000000
-41.28189850 -4.03791809 -0.17788386 13.000000
-41.44155121 -4.04689407 -0.15044475 255.000000
-41.50927353 -4.01958084 -0.01663786 255.000000
-41.44241714 -4.02691269 -0.39190757 129.000000
-41.38546371 -4.04559708 0.04040015 143.000000
-41.49829102 -4.02444458 0.10832423 7.000000
-41.29413986 -4.05131912 0.03137898 174.000000
-41.43189621 -4.03827667 -0.20453006 22.000000
-41.49644852 -4.02868652 -0.30949670 22.000000
-41.45806122 -4.07249451 0.29508483 255.000000
-41.49995422 -4.03045654 -0.24811625 30.000000
-41.37028122 -4.06431198 -0.21849227 255.000000
-41.31016159 -4.05134964 -0.09551358 255.000000
-41.46065521 -4.05475616 -0.14442134 255.000000
-41.33580780 -3.92674637 -0.14984077 17.000000
-41.29637146 -4.05057144 -0.10509598 100.000000
-41.40761566 -3.94920349 -0.38907683 12.000000
-41.43061447 -3.93825150 -0.31941497 15.000000
-41.28982544 -4.01932716 -0.23587690 19.000000
-41.28527069 -4.08557510 -0.18933296 5.000000
-41.28584671 -4.02600765 -0.14238635 131.000000
-41.31919861 -3.99607563 -0.50365323 2.000000
-41.33264923 -4.09440708 0.11652198 255.000000
-41.30989838 -4.05311441 -0.46823469 14.000000
-41.29412842 -4.02358246 -0.15186757 19.000000
-41.29533386 -3.96121120 0.30687812 75.000000
-41.28563309 -3.97234941 -0.15501812 10.000000
-41.29027557 -3.98080277 -0.18409237 16.000000
-41.28530121 -3.94108343 -0.09691567 118.000000
-41.32616425 -3.96148396 -0.22435571 6.000000
-41.29160690 -3.91544771 -0.15593162 13.000000
-41.29662323 -3.95709896 -0.25117320 9.000000
-41.28926849 -3.93944192 -0.21369995 14.000000
-41.28473282 -3.92906523 -0.12372033 14.000000
-41.29544830 -3.97771549 -0.11646765 11.000000
-41.29339981 -3.93083382 -0.38860711 7.000000
-41.28562164 -4.00091696 -0.10459676 6.000000
